20.4126	20.9836	21.6711	21.6878	21.6213	21.574	22.1129	22.1591	21.9224	22.2491	22.348	22.2679	22.1912	22.1098	22.0493	22.4887	22.2442	22.0749	22.3015	21.9312	22.4964	22.1201	21.3742	22.0532	22.2464	21.9992	22.6142	22.2084	22.3926	
20.7475	20.4948	21.082	21.423	21.5911	21.5444	21.6712	22.236	21.9012	22.2357	21.4347	21.8794	21.8129	21.5465	21.9645	21.6707	21.9526	21.9705	22.0197	21.9205	21.5076	21.2526	21.3203	21.5979	21.9808	21.8403	21.2394	21.8548	21.1202	
20.7019	21.213	21.9653	21.9018	21.9712	21.5097	21.8084	21.9537	22.1002	21.9856	22.0168	21.592	21.9842	22.1107	21.875	21.8436	21.5056	21.9688	21.6643	21.0581	21.6706	21.1549	21.843	21.4146	21.6992	22.0015	21.7869	21.9668	21.7183	
21.3446	21.5195	21.8992	22.2053	21.7636	21.9772	22.4059	22.3699	22.6627	22.3296	22.5442	21.9	22.4388	22.4146	22.1364	22.9138	23.16	22.7019	21.9831	22.5297	22.2948	22.7181	21.9562	22.7798	22.7647	23.1422	22.2972	22.0708	23.3145	
21.006	21.0883	21.0898	21.6536	21.6218	22.1804	21.9197	21.7305	22.3538	21.5896	22.4165	22.0238	22.3017	21.8742	22.2838	21.3521	22.1675	21.623	21.9911	22.2445	20.7864	21.9405	21.7003	20.6703	20.5274	21.6571	22.4006	22.2419	21.2902	
21.1568	21.2031	21.9776	21.7172	21.7199	22.322	21.7641	22.1227	21.9206	21.8289	22.1846	22.0173	22.348	21.4281	21.663	21.0945	21.5377	20.7248	20.7657	20.7861	21.6088	21.6102	20.9545	21.1659	20.3594	21.2143	19.9635	20.7507	19.8337	
21.3985	21.5405	21.908	21.4591	21.9143	22.2555	22.363	22.1793	22.3883	22.2289	22.057	21.716	21.9356	21.7296	21.7437	22.2111	21.9954	20.9539	20.8995	22.106	21.7519	20.6512	21.7433	21.6831	22.1032	21.0135	22.012	21.1201	21.0351	
20.9673	21.1484	22.3634	22.0729	21.3024	22.4639	21.8116	22.331	21.7696	22.4287	22.0485	22.8063	21.8883	21.879	21.2193	20.6215	20.3034	20.0095	20.3709	20.1288	19.8709	19.4773	19.8221	19.1555	18.8793	18.7791	19.194	19.0442	19.2121	
21.4293	22.1331	21.5444	22.7015	22.3787	22.4758	22.3644	22.2084	21.6138	21.5789	21.3643	21.3689	21.6384	21.409	21.4998	21.6578	22.8355	22.4887	22.3634	22.3069	21.3841	21.8919	21.881	21.135	21.3635	21.5387	20.8181	20.6455	20.6262	
21.1905	21.1516	21.7658	21.1372	20.4937	20.9606	20.7357	20.2596	19.6832	20.6137	19.4616	19.5535	19.1499	18.9866	18.7408	18.9328	18.4503	19.1217	19.1523	18.336	18.6878	19.0545	18.6745	18.6098	18.0358	18.8326	18.7641	17.9745	18.6026	
21.9842	21.6828	21.9555	21.9213	22.1047	21.6494	21.8449	21.5205	21.4263	21.0596	21.0616	21.4926	21.5757	21.5635	21.1807	21.2536	21.0739	20.931	20.9281	21.0905	20.4685	20.7371	21.1742	20.7926	20.4898	20.0183	20.275	19.6467	19.9453	
20.7676	21.7243	21.3687	20.5706	22.2237	21.5999	21.5353	20.9548	22.3371	21.2096	21.8211	21.476	20.943	20.5957	20.2226	19.6317	19.6105	19.8393	19.447	18.7511	19.3866	18.7155	19.3393	19.0527	18.9809	18.1106	19.0968	18.4866	17.7905	
21.1072	21.1765	21.178	21.1417	21.591	21.44	21.53	20.7885	20.9198	20.7227	21.181	20.9313	20.524	20.8321	20.2366	20.6338	20.6437	20.3449	20.5904	20.3289	20.8013	20.2205	20.0248	19.8716	19.7999	19.5859	19.7473	19.2547	19.9943	
21.6002	21.0933	20.7345	21.1234	20.8429	20.822	21.8253	20.9925	20.7293	20.6217	20.6061	19.776	20.2398	19.5693	20.0698	20.1923	19.9755	20.4341	20.1752	19.3804	20.1757	19.8415	19.6609	19.8304	18.8329	19.6372	19.1329	18.5556	18.8051	
20.7162	21.6307	21.1566	21.5066	21.8808	22.0352	20.7772	21.3227	21.1593	21.502	20.6816	20.981	21.3999	20.6387	21.0941	20.3333	20.6655	19.746	20.0536	19.5416	19.989	19.5206	20.0296	19.1943	18.9721	19.0478	18.7485	18.9191	18.6979	
20.8789	21.9443	21.6114	21.3185	21.5076	22.1964	22.0333	21.3724	20.8748	21.4036	21.0199	21.2974	21.0092	20.7355	20.7541	20.6355	20.4168	20.2317	20.0618	19.6076	18.8642	18.9999	19.6054	19.6574	19.6612	19.8722	19.2074	18.6324	19.6847	
22.0302	21.7524	21.8994	21.7405	21.6135	22.9488	22.3761	21.9987	21.6126	22.7201	22.097	22.672	21.0744	21.3907	20.3757	20.2795	20.1466	20.0508	20.2954	21.3314	19.8631	19.9385	19.9877	19.4861	19.3979	19.1143	19.6127	19.7131	19.8512	
20.802	21.7745	21.2417	21.5021	21.5153	21.2142	21.9482	21.0295	21.496	21.5095	20.9179	20.6966	20.7161	20.4696	20.0836	19.6639	19.0876	19.3124	19.4321	19.1521	19.8326	18.7324	18.7179	19.5241	19.2845	18.4475	18.7045	18.319	19.1881	
20.9748	21.7176	21.577	21.3885	22.0355	21.6728	21.5876	21.3949	20.6246	21.0278	20.7173	20.581	20.6133	20.0286	20.2181	20.5488	19.7899	19.9153	19.6718	19.8271	19.8515	19.6136	19.4272	19.2484	19.5758	19.0739	19.2844	19.4083	19.3957	
21.4982	21.6609	21.0418	21.694	21.1534	21.1396	20.8773	20.5867	20.5562	21.3777	20.5277	20.5084	20.8693	20.7288	20.3701	20.2655	20.5424	20.4568	19.7062	20.4195	20.5712	19.529	20.1104	19.4782	20.3225	19.1323	19.4433	19.5746	19.306	
21.3631	21.5269	22.0663	22.0601	22.2496	21.6907	21.1747	21.8233	20.831	19.8752	19.9822	20.5234	20.2789	19.5031	19.6478	19.6764	19.4953	19.7095	19.2876	18.3906	18.4352	19.3226	18.8044	18.4969	18.757	17.9628	18.4349	18.3281	18.6018	
21.8943	22.0395	21.5708	21.7157	21.2701	21.9281	21.232	21.7359	21.1157	22.748	21.3498	20.4315	21.3797	20.5241	20.424	20.9518	19.5326	20.3123	21.0954	20.2002	20.0702	19.308	19.3914	20.5727	19.3258	19.2679	19.4375	20.0176	19.1385	
20.3939	20.9886	21.8303	21.4824	21.4325	21.4847	21.84	20.6235	21.2795	20.6152	20.4956	20.7569	20.6378	20.201	20.3044	19.5392	19.9083	19.8226	19.9227	19.4871	19.2344	19.5199	19.6433	18.9843	19.1412	18.9171	19.3686	18.447	19.4159	
21.9429	22.2429	21.4472	23.0305	22.843	22.117	22.8119	21.9459	21.2648	20.7303	23.9705	20.7603	20.3012	20.8039	21.2617	21.0799	21.6515	20.6586	20.056	20.0415	20.4928	20.4117	19.8394	19.2476	19.6629	19.9126	20.3654	19.2513	18.9824	
20.9139	21.6216	21.0633	21.0515	20.8072	20.9466	21.1552	20.9655	20.1523	20.278	20.5076	20.1498	20.1336	19.4283	19.9241	19.2803	19.7307	19.3371	19.5909	19.0077	19.201	19.5285	19.234	19.2813	18.3806	18.5786	17.9565	18.9566	18.2647	
20.2462	19.9828	19.4135	19.761	18.7828	18.7173	18.8008	18.5405	19.2178	19.0566	18.7767	19.2784	18.9412	18.9644	18.5785	18.668	18.5053	18.417	18.4888	18.3664	18.4675	17.9705	18.1319	18.3751	17.8376	17.7567	18.266	17.9086	17.9487	
21.1513	21.6271	21.1081	21.5641	21.6211	20.5488	21.0143	20.9086	21.18	20.8318	20.462	20.5495	19.9946	19.8597	20.6142	20.4935	19.5649	20.4892	19.825	20.2453	19.5802	20.8411	20.4843	20.0036	18.9117	20.3446	18.8362	19.6087	19.3818	
20.3697	20.849	21.23	20.6536	19.6358	19.9632	19.2775	19.762	19.6035	19.4031	18.83	19.9048	19.2248	19.6154	19.5288	19.8496	18.6038	19.3462	18.8662	18.8206	18.2204	17.9838	18.8629	18.0355	18.4712	17.6974	18.6827	18.9373	18.3364	
20.731	21.3446	21.5387	21.0966	20.6182	21.1302	20.9259	20.344	20.0708	20.3069	19.923	19.6651	19.8131	20.5176	19.8634	19.6257	19.877	19.2693	19.3532	19.3611	19.4714	18.7296	18.7505	18.5783	19.1174	19.3052	18.9106	18.7593	17.9967	
20.9542	21.247	21.5567	21.1657	21.837	21.0576	20.9095	20.3757	20.3859	20.4446	20.1401	19.8311	19.8469	19.7267	19.0724	19.5766	19.6224	18.8786	19.4456	18.5879	19.1403	19.2812	18.1199	18.2458	18.221	18.1208	18.5899	17.8438	18.2851	
21.5507	21.867	22.0355	21.4607	22.7642	21.4661	20.7182	21.6508	20.6143	20.1115	20.0456	20.7513	20.9042	19.4445	19.5839	20.1105	19.6176	20.4031	20.2101	18.8466	20.01	20.3183	19.6736	19.0554	19.0475	19.7525	19.9281	19.6574	19.1845	
