18.1705	18.2338	18.8454	18.9718	19.1164	19.1817	19.5844	19.5895	19.4168	19.769	19.5582	19.5313	19.7085	19.684	19.5788	19.5219	19.8237	19.9916	20.1432	19.9334	19.4537	19.614	20.2181	19.5621	19.9529	19.4289	19.672	19.4551	19.6321	
18.3524	18.6682	19.2003	19.4304	19.4455	19.55	19.569	19.6479	19.5227	19.5973	19.6809	19.7262	19.6746	19.8031	19.3965	19.8475	19.4582	19.6867	19.6578	19.3362	19.5115	19.8639	19.4308	19.6295	19.8479	18.9545	19.3301	19.1128	19.1078	
18.4919	19.2015	19.1209	19.3594	19.4457	19.5924	19.782	19.8591	19.6033	19.5279	19.5582	19.5201	19.6074	19.4236	19.2395	19.5749	19.2238	19.0433	18.9981	19.7668	19.0036	18.8968	19.7725	18.6392	19.2179	19.2858	19.23	19.2973	19.7124	
19.0118	19.2965	19.4289	19.4108	19.654	19.8198	19.8129	20.0604	19.9518	20.1686	20.079	19.6675	20.2217	20.0037	19.8417	19.9122	19.8523	20.0032	19.9649	19.8269	20.0921	19.9632	19.8188	19.8977	20.0235	19.602	20.1191	19.7961	19.9812	
18.3781	19.085	19.3273	19.1589	19.5904	19.2944	19.5896	19.544	19.7418	19.5824	19.2654	19.7279	19.7239	19.5715	20.008	19.6005	19.8198	19.6893	19.3177	19.9672	20.0405	19.7675	19.5793	20.0149	19.4703	19.7608	18.6065	19.4565	19.5376	
18.8439	19.0161	19.2047	19.3584	19.603	19.5861	19.4222	19.4418	19.324	19.3504	19.6357	19.6071	19.6682	19.4232	19.5091	19.1173	19.7045	19.5118	18.9633	19.3919	19.3823	19.4798	18.8255	19.8458	19.4746	18.9383	18.74	18.7411	18.9225	
18.8257	19.148	19.2671	19.4119	19.4112	19.759	19.5537	19.6281	19.6726	20.0208	19.4443	19.6332	19.8181	19.7181	19.8944	19.7675	19.433	19.6926	19.7368	19.6341	19.511	19.2522	19.8385	20.0751	19.8012	18.7291	18.8216	19.1772	19.9433	
19.118	19.3893	19.5137	19.5975	19.5166	20.0291	19.892	20.1667	19.2999	19.9954	19.9334	19.618	20.614	20.141	19.8266	19.638	19.5131	19.1106	18.4541	18.7276	18.1669	17.9612	17.8192	17.8334	18.2979	18.0277	17.5441	17.8729	17.4174	
19.1547	19.4445	19.9987	19.6116	20.2496	20.4993	20.1631	19.9527	20.0443	20.1884	19.5387	19.9973	20.0377	20.0812	19.7373	19.4415	20.0046	19.9701	19.9345	20.0641	19.1984	19.6033	19.6237	19.6412	19.8329	19.814	19.3771	19.2742	18.958	
18.781	18.8473	19.0972	19.3927	19.1955	19.2797	18.8874	18.5482	18.3187	18.202	18.2433	18.0372	18.1397	18.0446	17.7314	17.3933	17.4944	17.8641	17.125	17.4059	17.5007	16.895	17.3904	17.1475	16.6474	17.1957	16.846	17.218	16.5838	
19.0455	19.2312	19.6613	19.7089	19.6047	19.407	19.6944	19.7301	19.6758	19.7703	19.275	19.0279	19.3137	18.938	19.2499	19.2037	19.0529	19.3692	18.9595	19.2662	18.9631	19.0318	18.7926	18.8464	18.753	18.6462	18.4846	18.0461	18.4722	
18.7204	19.0298	19.0168	19.089	19.2935	19.7473	19.4689	20.3338	20.2182	19.2283	19.1264	20.0769	19.4215	19.6418	18.9173	18.2481	18.5314	18.3983	17.8753	18.2494	17.5451	17.9189	17.3542	17.7464	17.2542	16.8137	16.8611	17.5243	16.8124	
18.9017	19.3167	19.4597	19.4551	19.7768	19.4145	19.2561	19.424	19.1202	19.2818	19.2109	18.6971	18.7939	19.0244	18.8731	18.9094	18.7646	18.6956	18.5335	18.7143	18.6978	18.7158	18.2836	18.4117	18.5898	18.2258	18.1211	18.3923	17.9915	
18.7368	18.8528	19.1412	19.2367	19.5544	19.1674	19.4322	18.9351	19.1133	18.4967	18.6337	18.7047	18.4464	18.3363	18.6427	18.2184	18.749	17.8895	17.7424	17.7384	18.1134	18.1108	18.2125	18.3303	17.4045	18.2288	17.1222	17.0883	17.4178	
18.6578	19.1499	19.2552	19.3404	19.5771	19.4926	19.4932	19.4939	19.0651	19.5821	19.2649	19.347	19.0316	18.9365	18.931	18.8628	18.9276	18.7212	18.7106	18.5429	18.1616	18.2952	18.0012	17.9904	17.2703	17.359	17.2298	17.9929	17.5545	
18.7957	19.2	19.4014	19.5805	19.835	19.7413	19.6448	19.6391	19.3522	19.2843	19.0872	19.6346	19.0516	18.6335	19.0272	19.2538	19.1035	18.6986	18.5835	17.756	18.3272	18.3141	18.3856	17.2503	18.1137	17.3481	17.4339	17.7683	17.1537	
19.185	19.9399	20.0731	19.7115	19.9976	19.7024	20.682	19.1904	20.4196	19.7797	19.9406	20.4299	20.0347	19.3225	19.7153	19.6762	18.9351	18.9221	18.748	19.2102	18.6152	18.7301	17.6038	18.4654	17.7662	17.8175	18.0213	18.6031	18.3459	
18.7744	19.0034	19.1519	19.2593	19.5751	19.3902	19.349	19.157	19.2374	19.5908	18.95	19.0282	19.0536	18.8514	19.0196	18.5903	18.5862	18.6288	18.1057	17.8183	17.944	17.562	18.0276	18.0424	18.0479	17.1075	17.8573	17.0782	17.0526	
18.8561	19.4518	19.6056	19.8483	19.7982	19.7973	19.7611	19.8139	19.4082	19.7589	19.0896	19.4602	19.1329	18.8733	18.926	18.4224	18.4373	18.3732	18.4802	17.7255	18.3891	17.858	18.1356	18.2075	18.1641	17.9779	17.7033	17.1599	17.2294	
18.9453	19.2535	19.4656	19.6751	19.3187	19.385	19.0744	18.9368	18.6098	18.8688	18.7736	18.7603	18.6865	18.5395	18.9055	18.4817	18.2587	18.2066	18.5363	18.1933	18.1147	18.5999	18.2133	18.564	17.8594	18.375	18.0122	18.4682	18.0972	
19.0666	19.1769	19.6895	19.7458	19.1175	19.7727	19.9931	19.8472	19.8448	19.6082	18.5474	18.6546	18.4818	18.6778	18.024	18.286	17.9145	17.6716	17.7923	17.5775	16.6966	17.7766	16.9045	16.664	16.8269	17.0945	17.14	16.6047	17.205	
19.5805	19.5876	19.9314	20.3168	20.8285	19.931	19.6884	19.336	19.1988	19.2573	18.972	19.1749	20.8713	18.9557	18.5197	18.492	18.3756	19.8807	18.1942	18.4074	18.259	18.2647	18.7161	18.2507	17.8986	17.7103	18.6264	18.2448	17.7527	
18.8264	19.1955	19.5502	19.26	19.5931	19.3332	19.3074	18.8588	19.0652	19.0269	18.9599	18.9332	18.6713	18.726	18.6913	18.4998	18.5569	18.1416	17.8988	18.1955	17.7817	18.2113	17.2954	17.3222	18.0415	17.8017	17.5544	17.8965	18.0722	
19.757	19.6613	20.5777	20.8165	20.7148	20.9521	19.7304	19.5534	21.2438	21.1892	19.1495	19.112	19.0037	18.5389	20.8064	19.5743	18.3257	18.7315	18.3419	19.2002	19.1976	18.5475	18.7651	18.9781	18.3976	18.6316	18.4227	18.4677	18.0488	
18.6284	19.0155	19.2164	19.1802	19.6514	19.3292	19.1431	19.037	19.0252	18.4146	18.3105	18.3046	18.4439	18.3309	18.0055	18.1254	18.1364	17.7947	18.1008	17.903	17.7835	17.9179	17.3317	17.7104	17.7052	16.8965	17.2695	16.6442	17.6191	
17.899	18.3527	18.4602	17.4292	17.6254	17.5766	17.497	17.6552	17.4303	17.2945	17.4941	17.1139	17.2147	17.204	16.8368	17.1907	17.1522	17.0957	17.1272	17.0118	16.4157	16.3754	16.4221	16.6727	16.5558	16.8011	16.6708	16.3643	16.8059	
19.0475	19.5437	19.2307	19.2451	18.988	18.8663	19.0888	19.1022	19.0405	19.1091	18.9816	18.7935	19.0275	18.6059	18.2544	18.9328	18.2539	18.2185	18.8152	18.8146	18.5843	18.7716	18.2768	18.1363	18.0644	18.4397	18.3176	17.8178	18.5728	
18.713	18.8234	19.1486	19.2347	19.6372	19.1787	18.2045	17.9434	17.9121	18.227	17.7271	17.6596	17.6897	17.4616	17.747	17.7202	17.4451	17.945	16.6101	17.0132	17.229	17.3179	17.2333	17.1637	16.65	17.1896	16.6871	16.7399	17.2075	
18.4998	19.2699	19.294	19.3798	19.2905	19.3209	19.445	20.1845	19.082	18.8454	18.6758	18.6144	18.5103	18.257	18.1227	17.911	17.8535	18.1548	17.7275	17.6295	17.9766	17.4612	17.8951	17.4676	16.9529	17.4238	17.2422	17.7716	16.6391	
18.4938	18.8548	18.9	18.9463	19.023	18.9082	18.835	18.5011	18.9289	18.6792	18.292	18.2151	18.2167	17.9899	17.9352	18.0213	17.8969	17.7466	17.8337	17.6939	17.8293	17.3297	17.1671	16.6574	17.4131	17.4605	16.5166	16.8789	16.3813	
19.3102	19.9183	19.4085	19.7503	19.7339	19.4852	19.0421	19.5315	18.7645	18.9997	18.6127	19.1802	18.3318	18.1792	18.0824	18.2386	18.6593	18.97	18.2974	17.9622	18.0654	18.3004	17.4451	18.0112	17.7491	17.2847	18.1503	17.566	17.848	
