20.2539	20.7297	21.3286	21.3973	21.4677	21.7629	21.7441	22.2129	21.8145	22.517	21.1675	21.8725	21.1181	21.773	22.636	21.9447	21.8314	21.2544	21.914	21.7514	21.3018	22.2627	21.5584	21.4929	21.9993	21.4761	21.2348	21.7688	21.7063	
20.3622	20.8845	21.1176	21.939	21.6749	21.5584	21.6484	21.3894	22.0982	22.2164	21.4653	21.4769	22.2878	22.0857	20.786	22.0119	21.4674	21.2891	22.0284	21.3889	20.7121	22.2663	20.763	21.1264	20.7215	20.1457	22.1659	20.7178	21.2214	
21.1103	21.5007	21.9015	21.8307	21.7483	21.6986	22.0666	21.4723	21.2152	21.9586	22.3511	21.8283	21.1336	20.3614	20.907	20.7172	20.5999	21.3288	21.9547	21.9634	20.9714	22.3513	20.8092	22.2409	20.4137	20.5754	20.8212	20.2295	20.3856	
21.4048	22.7061	22.3754	22.4207	22.3461	22.3492	22.9389	22.1867	21.8175	22.7354	22.0441	22.9844	22.1756	22.1372	22.1994	22.1357	22.9666	23.058	22.7306	22.8765	23.1895	21.9404	23.2626	22.2284	21.9746	21.7897	22.3281	21.8934	22.6575	
21.0858	21.8034	21.7961	22.1991	22.1902	22.3549	22.2947	22.3319	21.8753	22.3521	22.2192	20.3968	21.6228	21.6628	21.5291	22.5219	19.9747	21.5861	22.3965	21.0845	20.6052	20.6093	22.0959	20.6798	20.0223	19.7863	19.8109	21.1335	19.4668	
21.571	21.7574	21.6337	21.9941	21.7722	21.6918	21.0949	21.5979	21.9176	21.3015	20.1177	22.2116	20.6038	20.615	20.8381	19.8775	21.3421	21.3767	21.5457	19.7164	20.88	19.3998	21.1993	20.4411	19.9524	19.3258	19.5196	19.4185	20.4985	
21.3056	22.0076	21.7449	22.307	22.3642	21.585	21.8882	21.4873	20.7294	21.4819	22.6745	22.3111	21.9285	21.4895	22.0692	20.3246	20.3726	20.4033	21.6659	19.8016	20.0406	19.9533	19.4721	19.3959	20.2472	19.3859	18.9134	18.9603	18.7558	
21.4951	20.989	21.5285	21.6247	21.6283	21.9739	22.3116	22.1642	22.1374	21.0479	20.0167	19.7488	19.9525	19.2473	19.9757	18.9839	19.3538	19.2706	18.6647	18.7506	18.282	18.3689	18.0816	18.3974	18.7681	18.5332	18.6389	18.7288	18.4359	
21.6422	21.9348	21.7232	22.0895	21.6271	21.3962	22.5488	21.6508	21.7793	21.2373	21.4087	21.3853	21.7824	20.7341	20.9174	21.5926	20.5407	20.5948	20.5617	20.318	20.2899	19.8652	19.3055	19.7938	19.5272	19.4008	19.0396	19.6865	19.2002	
21.4841	20.9869	21.2469	20.5238	19.9712	19.3326	19.1137	19.3372	19.4235	19.0253	17.9763	18.1944	17.8305	18.1426	19.1739	18.8663	17.834	17.8715	17.9409	17.777	17.9255	17.616	18.645	18.7019	17.74	18.7241	18.159	18.1211	17.9072	
21.3712	21.1633	21.3277	21.5832	21.6428	21.8186	21.16	21.3085	20.6026	20.82	20.6263	20.37	20.3759	20.4063	20.5725	20.1462	20.1984	19.9457	19.3897	19.5954	19.1318	19.1865	18.7867	18.8778	19.1685	18.73	18.7715	18.5642	19.2821	
21.3325	21.7368	21.5026	21.7798	22.1638	22.2302	22.0681	21.5525	20.7675	19.4296	20.1298	19.5371	19.7203	18.648	18.7711	18.3677	18.6351	17.9565	18.0079	17.7888	18.5383	18.0141	18.483	17.6274	17.6715	17.6226	17.5992	17.514	17.6644	
21.3171	21.4639	21.4302	20.7708	21.6347	21.3569	20.8085	20.4541	20.8233	20.2475	20.4996	20.2295	20.0606	19.9532	19.7077	20.009	19.2611	19.0569	19.1416	18.8446	18.822	19.368	18.9147	19.0277	19.0591	18.4414	18.8375	18.7568	18.464	
20.7877	21.0597	20.706	21.2565	20.9606	20.3457	20.1276	20.0491	20.0101	20.7777	19.4569	19.149	19.1892	20.1797	18.9212	18.4524	18.8599	19.7922	18.7423	18.7039	18.8828	18.5396	17.8795	17.9813	17.8681	17.9384	17.8913	17.8677	17.9381	
21.039	21.3657	21.2169	21.6059	21.6132	20.7538	20.7386	21.6305	20.0488	20.5125	19.013	20.2349	19.5903	19.0104	19.0291	19.8521	19.1116	18.5886	18.831	18.5054	18.4577	18.0262	17.9733	18.0798	17.932	18.4203	17.6082	17.9233	17.749	
21.3454	21.3531	21.3902	21.5115	21.1304	20.4602	21.3461	20.7671	20.8838	20.1424	19.9242	20.1483	19.894	18.5956	18.491	18.921	19.0442	18.1285	18.6989	19.1652	18.1368	17.9908	18.1476	17.6024	17.846	17.8804	18.8259	17.8858	17.6663	
21.4672	21.9456	21.6262	21.7042	21.7603	21.6754	22.1555	21.1395	21.0003	20.0433	20.3111	19.6384	18.8772	19.4813	19.27	18.8697	19.9984	19.7411	18.6832	19.2269	18.5198	18.7689	17.8852	18.7253	17.9688	18.1466	17.9021	17.6385	18.5179	
21.0543	21.2843	21.5709	21.1696	20.9119	20.9237	20.8153	20.0015	20.2859	19.8431	19.0002	19.791	19.5702	19.7032	18.7444	19.5327	19.3147	19.0861	18.0894	18.0189	18.8551	17.676	18.1909	17.7526	17.9784	17.9598	17.4637	17.5683	18.2156	
21.0989	21.7994	21.3727	21.554	21.4543	21.1184	20.2949	19.893	19.8363	19.5847	19.9888	19.183	19.9906	18.4146	19.6395	19.3726	19.1027	19.2982	19.1502	18.327	19.0862	18.0083	18.2128	18.4229	18.4843	18.2348	17.6004	17.6017	18.3717	
21.0243	21.0462	20.5655	21.1085	20.5877	20.2621	20.606	20.4075	20.5427	19.8982	19.8107	19.7197	19.6779	19.3573	20.0162	19.4566	19.0172	19.4577	19.3179	19.1249	18.3955	19.5439	18.7687	18.2246	18.0322	18.9064	18.5124	17.8941	18.8552	
21.5191	21.3713	20.6744	20.7656	21.2392	21.214	20.4666	19.4466	19.134	18.3961	18.8292	18.7243	18.3005	18.2344	17.7874	18.1313	17.5302	17.6822	17.9404	17.2755	18.7161	17.941	17.3813	17.3516	18.3971	17.538	18.0814	17.5527	18.5102	
21.0994	20.6575	20.7104	22.4822	21.439	21.0704	21.238	21.0699	20.1048	21.4833	19.0495	20.2264	19.1154	19.1299	20.2273	19.1414	18.3477	18.4641	18.9126	19.071	18.2856	19.4939	18.8589	18.4497	18.0111	18.0683	18.4209	17.8221	17.9626	
21.3561	21.349	21.1919	21.3258	21.1317	20.9469	20.0381	19.9221	19.849	19.3652	19.8799	20.0835	19.2597	18.7764	18.3355	19.5594	18.29	18.1671	17.9662	19.1502	18.0369	18.5377	17.621	18.1187	18.1698	17.5524	18.8022	17.5058	17.5651	
21.9049	21.0519	20.8624	20.5339	20.9695	20.407	20.2495	20.0866	19.0622	19.0633	20.1243	20.6906	20.0403	19.3184	19.3623	19.0958	18.6002	18.5026	19.9403	18.3262	18.9249	18.954	18.2366	18.478	18.843	18.0315	18.7686	18.3318	18.0799	
20.7184	20.9191	20.7583	21.0539	20.0494	20.732	19.9677	19.3996	18.9834	19.2663	19.069	19.5498	18.9657	19.3456	18.1297	19.2534	17.7594	17.8563	18.358	17.714	17.5716	17.5017	17.7217	18.5437	17.4429	17.5321	17.2621	17.3963	18.0304	
19.7805	20.0829	20.2993	19.0387	18.6431	18.7202	18.8444	18.5259	18.3579	17.8473	17.8811	18.5355	17.9663	18.708	17.6146	18.7016	18.1977	17.2049	18.0968	17.721	17.4299	17.4837	17.7769	17.2644	17.3613	18.148	17.4853	17.2289	17.4619	
21.074	20.6992	20.9694	20.863	20.1698	20.2035	20.145	19.7171	19.8299	20.3718	20.4854	19.2395	19.8815	20.0228	19.0396	18.9906	18.6253	19.2984	18.1472	18.9534	18.979	18.3631	18.0934	19.0675	17.9332	18.3114	18.7821	17.886	17.7034	
20.7556	21.6008	20.3884	19.9121	20.3908	19.9781	19.6361	18.5438	19.3125	18.2594	18.3238	18.6926	19.4537	17.9259	18.9272	19.1557	18.7162	18.0744	17.439	17.6019	17.401	17.1958	18.1889	17.9716	17.2395	18.6181	17.4582	17.2069	17.308	
20.7395	21.0037	21.7979	20.3695	20.7585	20.5339	19.289	20.8427	19.3458	19.4151	18.758	18.9552	18.0485	18.2077	19.2924	18.9592	19.155	18.077	17.5624	17.7704	18.4229	17.9757	17.6395	17.5702	17.9229	18.0526	18.0865	17.51	18.2917	
20.7689	20.6362	20.6766	20.8574	20.5269	19.9604	20.2906	18.8595	19.5711	18.4956	17.9644	19.0268	18.3048	17.954	17.8008	18.427	17.7006	18.6009	18.6674	17.351	17.3394	17.5684	17.7642	17.0494	17.4363	17.3134	17.1954	17.0762	17.0248	
20.7994	20.4601	21.6126	20.5064	20.6345	19.9383	18.7394	19.0546	22.0562	18.8882	19.1583	19.2109	18.6505	19.0754	18.3816	18.6909	18.6821	19.0592	18.1733	18.4925	19.202	17.5508	18.9992	17.471	18.1612	18.4704	17.9919	17.7493	17.67	
