22.1196	22.6628	22.9761	23.2788	23.8312	23.5773	23.6771	23.67	23.8727	24.1041	24.0031	23.6942	23.5901	23.5593	23.958	23.7098	24.1925	24.6413	23.8555	24.1563	23.5412	23.8003	24.143	23.9067	24.1117	23.1338	23.0989	23.5243	23.9267	
22.447	22.8845	23.0782	23.4907	23.828	23.7703	23.9703	23.8747	23.8355	23.285	23.4479	24.0872	23.5665	24.6356	23.9554	23.9075	23.2025	23.651	21.983	24.338	22.3405	23.9037	23.7047	22.2884	22.2669	22.8431	22.0767	24.5463	22.2986	
23.0671	22.941	23.6461	23.519	23.827	23.8041	23.9819	23.6164	24.1424	24.5022	24.4594	24.1802	23.8256	24.6403	22.273	24.1573	22.8507	24.565	24.438	23.7684	23.5437	24.0052	24.0558	22.5226	22.9134	23.4313	22.9945	22.4231	23.2113	
23.679	23.9222	23.8299	24.0687	24.8743	24.9126	24.5341	23.9692	24.1046	24.3026	24.393	24.6811	25.0444	25.3772	24.1429	24.8223	23.9442	23.6696	24.7806	25.4198	24.6395	24.9822	24.0565	24.7465	24.7395	24.0055	25.0952	24.1271	24.3483	
23.0497	23.5518	24.0149	23.9714	23.8975	24.3855	24.0849	24.4277	23.9655	24.3168	24.3666	24.1502	24.3252	24.2299	24.0291	24.4437	23.9975	22.4862	23.33	23.4993	23.8796	22.6276	23.4212	23.4962	22.7637	24.4247	22.7213	22.2491	21.9033	
23.3805	23.281	24.0939	24.2014	24.2623	23.8165	23.9624	23.6077	23.2426	23.8277	23.7697	24.0202	24.086	23.6593	23.4793	22.8326	21.7299	22.3184	23.597	22.928	22.0628	23.5687	23.0519	21.4117	23.1764	22.995	21.4735	21.4359	22.286	
23.0016	23.6856	24.1883	23.9074	24.0526	24.2012	24.3989	24.4979	24.0235	24.815	24.5304	23.2301	22.7961	23.7923	23.607	23.8187	23.8724	24.1794	22.4679	22.0589	23.6835	22.6504	23.4544	23.5383	21.7315	21.7832	23.4749	23.151	21.1706	
23.5993	23.9254	24.3969	24.1791	25.3586	25.1333	24.7299	24.9905	23.9787	24.056	24.454	23.0325	23.7018	22.0267	22.8489	21.7171	20.7598	21.1327	20.7894	20.9804	21.351	20.429	21.1277	20.7038	20.6311	19.8332	20.4382	20.344	20.2794	
23.3641	24.5354	24.2612	23.9255	23.6249	23.7928	24.3846	24.9976	23.5485	23.5606	23.7873	23.3457	24.8231	23.3267	23.6832	24.1541	22.576	23.5016	23.3976	23.6826	23.4612	22.3937	22.5374	22.2853	22.5214	21.4976	21.4548	21.2141	21.3175	
22.9733	22.9883	23.6612	23.2798	23.2896	22.2778	22.2399	21.8641	21.1402	20.8577	20.5744	21.1637	20.3588	20.2516	20.675	19.8901	20.4637	20.5277	20.2667	20.4839	20.6441	19.8449	20.5598	19.5061	19.7657	20.1458	19.2821	19.4933	20.4292	
23.5156	22.9498	23.1963	24.2483	24.237	23.2183	22.8818	23.7037	23.4452	22.6978	23.2684	23.3141	23.1941	22.5943	22.7745	22.157	22.629	22.7234	22.3446	22.1243	21.9789	21.6799	21.2554	20.8597	20.7098	21.609	21.4748	21.4798	20.9503	
22.787	23.673	23.6365	23.8644	24.1617	23.7393	23.8626	24.3206	24.0142	24.0202	22.5254	22.0911	21.1582	20.6071	20.7547	21.2795	20.3605	20.8295	20.4598	20.9012	20.6969	20.7759	19.5681	19.3728	20.6142	19.196	19.2917	19.1455	20.0672	
23.5783	22.9843	24.0249	22.6811	23.5905	22.3488	22.3888	22.8103	22.653	22.334	22.1675	22.167	23.0835	22.2338	22.5214	22.2728	21.917	21.8754	22.001	21.5599	21.5028	20.8791	21.1324	20.9398	21.147	21.3063	21.0007	21.2378	20.7556	
23.1562	23.1387	23.5762	23.6496	23.1726	22.215	22.5639	22.7704	22.4512	22.1202	22.4207	20.9549	21.8903	21.6987	22.3538	20.4528	21.6708	21.3045	20.5168	21.6688	21.5135	20.6495	21.5638	19.9126	21.4349	20.1963	19.7121	19.5788	20.0414	
23.0325	23.6176	23.207	23.7081	23.1255	23.5742	23.6008	23.0732	21.9878	22.4184	23.1437	21.2436	22.7778	21.2824	21.9715	21.7156	21.7212	21.6532	21.0288	21.1525	20.0904	19.7564	20.2131	19.5632	21.0244	19.5052	19.4656	20.9519	19.7404	
23.0301	23.0372	23.9037	23.5263	23.8439	23.7334	23.5046	22.8821	22.8372	23.0383	23.1807	22.3694	21.3045	21.5663	21.4305	21.2733	21.3965	21.0421	20.1667	20.9192	20.369	20.0887	21.0107	19.9158	20.3839	19.4294	19.5602	19.5341	19.5603	
23.6875	23.6107	23.1792	24.1867	24.0622	24.5123	23.3259	23.1605	23.9625	23.6303	22.7035	22.8715	22.0245	22.2438	21.09	21.2388	22.1648	20.8099	21.6161	21.3792	20.666	20.343	20.0361	20.8083	20.7865	20.7967	21.2493	19.4987	20.1409	
23.0762	23.3813	23.5114	23.5069	23.561	23.3053	23.2544	23.2456	21.7668	22.9972	22.6442	22.5515	22.2477	21.2837	20.4296	21.0372	21.7755	20.1504	20.3762	19.8126	19.9642	19.9536	19.6684	19.5291	19.4256	19.4734	19.9773	20.7255	19.3236	
23.5811	23.2729	23.6133	23.7309	23.5916	23.6737	23.6311	22.8755	22.6632	21.9863	21.3979	22.5184	20.902	22.1279	22.0452	21.8573	20.1554	21.3382	20.1369	21.0565	20.1635	19.7588	20.8366	20.9924	19.5826	19.4067	20.4392	20.7106	20.4137	
23.0232	22.2204	22.4579	22.0537	22.4788	22.4421	23.1116	22.9507	22.2574	22.5163	22.1498	22.3869	21.7536	22.1395	22.5387	22.205	21.5408	20.9819	21.8986	21.1385	21.7633	21.5147	21.8563	21.8107	20.7049	20.9755	21.1654	21.2726	20.5173	
23.5111	23.3533	24.2388	23.4595	23.6501	24.0449	22.6631	22.3598	22.3026	20.6037	21.3433	20.048	21.5968	21.0225	20.7924	20.8777	19.8032	20.8087	19.4278	19.3009	19.8336	19.9447	18.841	20.185	18.898	20.1213	18.8216	19.2407	19.3467	
23.1624	24.6287	22.9848	23.5964	22.3668	23.1601	25.474	22.6879	24.1352	21.9344	24.1772	21.5225	20.8597	21.671	21.2456	21.6917	20.9362	21.8899	21.6906	22.2211	21.0812	21.5178	20.9376	19.9024	21.3401	19.6602	20.1165	19.8265	20.3292	
23.3914	23.3815	23.178	23.8794	23.4156	23.5668	23.3393	22.1182	21.454	22.2068	22.0226	20.9083	22.108	20.4406	21.3667	21.8653	21.5849	20.7779	20.5201	21.2994	19.8186	20.3558	21.0917	19.7798	20.1071	20.6808	20.3572	19.4829	20.128	
23.9069	24.13	24.0252	23.0536	23.9474	22.8725	22.2943	22.3696	22.5121	22.6025	21.588	24.7637	22.2521	20.9726	21.2862	20.8085	21.381	21.2094	22.0939	21.1957	21.8823	21.6905	20.9753	21.2058	21.2353	19.7795	20.266	19.7823	21.2867	
23.1308	23.3165	23.0953	22.4664	23.2302	22.7772	22.7979	21.4249	21.8719	21.8507	20.9006	21.7651	21.4819	21.465	21.0133	20.9046	21.1606	20.6926	19.4724	19.4645	20.9158	20.6442	20.6471	19.1822	20.6813	19.4638	18.8966	19.0948	20.235	
21.8725	21.9888	21.3331	20.3839	21.026	20.7054	20.8906	20.7373	20.0676	20.577	20.3481	19.6868	19.8662	19.4786	20.1009	19.8817	19.7271	20.343	18.8721	18.7913	19.5459	19.7861	20.202	18.8007	19.9992	18.8176	18.7173	18.772	19.5837	
22.9552	23.7617	23.4271	23.2648	23.3527	21.8696	22.1644	22.0339	21.9913	21.0587	22.4595	21.7435	21.648	22.4743	22.2473	21.5905	22.2561	20.8409	21.806	20.0523	21.2501	20.6432	21.1575	19.757	20.421	19.5971	20.7185	21.3251	20.4374	
22.9469	23.3287	23.3588	22.0816	22.7946	21.0961	21.28	20.6976	20.9712	21.4366	20.4885	21.4612	20.8901	20.042	21.0609	19.5962	20.022	19.8515	19.1172	19.3583	20.4681	19.3037	20.6029	18.9409	19.7129	20.1511	19.1101	20.249	18.6792	
22.6633	22.9847	23.1777	23.2042	23.0183	22.6598	22.1426	22.3954	21.3241	21.8271	21.1739	19.9861	21.5643	21.4773	21.7157	20.9487	20.6901	20.649	20.4941	19.5164	19.8331	20.4331	20.4805	19.4717	19.6512	18.9703	19.9354	19.1488	18.8381	
22.7942	22.8603	22.8881	22.7946	23.488	22.8908	21.9551	22.3265	21.7959	20.7436	21.5077	20.5381	20.2867	21.4454	19.9662	21.0276	19.2294	19.8712	18.931	19.2531	19.0049	19.4261	18.8357	19.3868	18.8804	18.9143	18.4358	19.9759	18.7864	
22.9597	23.9005	24.1023	23.2354	22.7015	22.9894	22.7164	21.7809	22.9654	22.4854	20.8941	20.8282	21.203	20.2553	21.9882	21.985	21.6183	21.6918	21.2963	21.4365	20.1384	21.0521	21.0639	20.9396	20.3326	19.7886	20.2728	18.9408	20.7871	
