Linear scale (close to the optimum):
		4	5	6	7	8	9	10	11	12	13	14	15	16	17	18	19	20	21	22	23	24	25	26	27	28	29	30	31	32	
	_______________________________________________________________________________________
2	|	21.17	21.8713	22.306	22.4923	22.3288	22.7268	22.9041	22.6735	22.9908	22.6122	22.2648	22.9571	22.9463	22.8423	22.4767	23.0748	22.8922	22.9343	23.4672	22.6189	22.8645	22.8175	22.7675	22.6641	23.7714	22.8011	22.4838	22.7565	22.9942	
3	|	21.2756	21.9938	22.4406	22.4991	22.6542	22.9045	23.1336	22.7146	22.8736	22.5429	23.6149	22.9608	22.7491	22.9183	23.3538	22.4242	22.5515	23.8933	22.6499	22.6727	21.7515	23.261	23.0455	22.374	22.358	22.8225	23.06	22.5303	22.8174	
4	|	21.6882	22.921	22.8289	23.0196	23.0742	23.1794	23.3693	23.2803	23.6077	23.4279	23.1161	23.0507	23.4106	23.3798	22.7918	23.9862	22.0503	22.8353	23.6037	22.4047	21.6035	23.1222	21.4428	22.0278	22.2469	21.9133	22.1998	22.2528	21.911	
5	|	23.2505	23.0822	23.2013	23.3442	23.7876	23.7703	24.0543	24.0781	23.7891	23.4936	23.4389	24.6725	23.5496	23.2995	22.8338	23.694	23.8799	23.1774	24.9525	23.3777	23.5267	24.5424	24.0289	24.8884	25.2343	23.3902	23.6661	23.0264	23.7702	
6	|	22.4913	22.8217	23.0999	23.0393	22.9382	23.1503	23.7047	23.593	23.7869	23.5811	22.9504	23.698	23.7177	23.1542	22.5448	23.0306	23.4085	22.1396	21.9845	23.9412	23.066	22.3221	22.3813	24.0004	23.5102	22.0925	21.7546	23.5122	21.4507	
7	|	22.9352	22.6292	23.533	23.3155	23.4613	23.2017	23.3286	23.4522	23.0803	23.2542	23.4688	22.9599	23.5101	21.8101	22.841	21.5033	21.5193	22.6967	22.9484	23.0387	22.2314	21.8047	22.7715	20.8631	22.5953	21.1975	22.9149	21.1128	20.9597	
8	|	22.1812	23.2699	23.1878	23.5257	23.6063	23.585	23.6382	23.6686	23.65	23.5696	23.1925	23.3101	23.571	23.4692	23.2743	22.2697	23.9784	23.4744	23.244	21.9349	21.8313	22.0336	23.0646	22.3036	22.764	21.0425	23.1311	21.5325	22.2655	
9	|	23.2152	22.9598	24.1395	24.3313	24.8737	24.0239	24.4236	24.9266	24.3406	24.3741	23.685	23.0817	23.4129	21.5935	22.4286	22.1997	20.6929	21.091	20.6819	20.2867	20.783	20.188	20.7587	20.53	20.2189	20.3861	20.5302	20.3951	19.9965	
10	|	22.9101	23.0032	23.4569	23.1781	24.4306	24.1264	23.3322	23.8021	22.5921	22.5961	22.745	23.4772	23.8423	22.9648	23.3436	23.6175	22.5317	23.2463	23.2153	23.6749	23.3398	22.6914	22.2512	21.9422	21.7578	21.1428	20.8267	21.4958	21.1556	
11	|	22.5387	22.6008	23.2769	22.2879	22.6085	21.7939	22.2288	21.5052	21.0495	20.4788	20.2626	20.8198	20.2015	20.6437	19.9432	20.4531	19.8899	20.4024	20.4151	18.7797	20.3756	18.9243	18.9693	20.5546	20.3419	19.7657	19.048	18.9034	20.2075	
12	|	22.6888	23.4586	22.9401	23.4559	23.9363	23.7918	23.8168	23.3273	23.0457	23.342	22.4273	22.7765	22.4301	22.6187	22.4818	22.6487	22.6587	22.7469	22.9631	22.2584	21.6258	21.9132	21.3355	21.2239	21.412	21.4472	21.448	21.2419	21.0483	
13	|	22.3935	22.7295	22.7699	23.2056	23.6845	23.911	23.3793	23.8867	23.0063	23.6149	22.1766	21.9755	21.2325	20.4368	21.0849	20.0422	21.0104	20.3347	19.1123	19.852	19.5497	19.8132	19.2997	19.6614	19.956	19.5603	18.6916	18.8983	18.9659	
14	|	22.945	22.6623	23.7207	23.3659	23.2894	22.9435	22.1467	23.2949	23.0376	22.5044	22.5493	22.659	22.3298	21.4216	22.3223	22.3276	21.6023	21.5727	21.1517	20.809	20.6138	21.3132	21.1031	21.1072	21.2674	21.1766	20.4111	21.0513	20.9154	
15	|	22.4968	22.7386	23.1531	23.2113	22.812	22.1199	22.2669	22.6406	21.9009	22.1434	22.0602	21.705	21.7886	21.5015	21.2028	21.2347	21.1662	20.3828	21.7538	21.6139	20.3089	20.8949	21.2059	20.162	19.6722	19.4551	19.2824	19.1884	20.3011	
16	|	22.5614	23.1715	23.2111	23.3028	23.0637	22.6775	21.9535	22.8186	22.4267	22.7605	22.0476	22.2446	21.2197	21.7855	21.5687	20.7742	21.0777	19.9362	20.6291	21.2696	21.427	21.1179	20.4619	19.4075	19.4807	20.8718	19.1381	19.8907	19.1788	
17	|	22.7613	22.5381	23.1209	23.1585	23.4054	23.287	23.1043	22.419	23.065	22.8555	22.7697	22.0094	21.2993	21.3168	20.6931	20.1268	19.8866	21.3518	20.6968	21.1247	19.7027	20.8868	20.133	20.6489	20.0934	20.8561	19.3005	20.7711	19.0709	
18	|	22.9636	23.5502	23.9014	24.7869	23.4525	23.564	23.2868	23.042	23.7803	23.0125	22.7791	22.7689	21.8931	21.7197	20.5675	21.2152	21.6402	20.993	21.2763	21.5364	20.8138	20.6714	20.2609	20.3566	20.5207	20.5264	20.6768	19.7617	20.8505	
19	|	22.1512	23.0286	22.6982	23.2817	22.9222	23.3454	22.9533	23.0805	21.6462	21.0815	21.1384	22.0275	21.8457	21.2594	21.6413	21.491	20.7181	19.3361	20.3258	20.6812	20.492	19.5103	19.1223	19.5918	19.3729	20.8007	20.6251	19.252	18.8777	
20	|	22.7406	22.9354	23.5079	23.7679	23.1964	23.3923	23.0301	22.7727	22.1242	21.9768	21.447	22.2962	21.7242	21.6748	21.2827	21.6665	20.4375	21.0857	20.8447	19.6501	19.8912	19.5375	20.6536	20.9713	19.3927	20.2936	19.1834	20.3121	19.2214	
21	|	23.3195	22.3211	22.8556	22.2181	22.7197	22.9286	22.6747	22.4376	22.3881	22.2251	21.6836	21.5025	22.1498	21.994	22.1577	22.4109	21.4175	21.3697	21.6623	20.5973	21.1254	21.4259	21.841	21.7204	19.8949	20.2346	19.8179	21.2547	20.2377	
22	|	22.5591	23.1896	22.7032	23.2443	22.6336	23.981	22.4648	22.0501	22.0422	20.4559	21.4441	20.237	20.1497	19.7414	20.8352	20.9354	19.7416	19.9621	18.9574	18.9574	20.5437	18.8736	19.8359	20.2738	18.7889	19.6878	19.6936	19.099	18.8602	
23	|	23.2374	23.7002	23.6267	23.2707	22.3474	23.4718	24.9603	22.5014	24.1835	21.4915	23.8772	21.6361	21.1449	21.4634	21.7403	20.4906	20.6096	22.2189	21.1185	22.3161	20.5896	20.6537	21.1456	20.235	21.179	19.524	19.7359	20.6545	19.9633	
24	|	23.4169	23.2419	23.3394	22.8659	22.8647	22.8993	22.9788	22.4212	22.32	22.1885	20.3748	22.006	20.5131	20.3018	21.2706	21.6034	21.4808	20.573	19.8475	19.9141	20.6246	19.1965	19.7048	19.3423	19.6991	19.3437	18.8869	19.0059	19.9996	
25	|	22.4556	23.9791	22.9304	22.4353	22.6662	22.8133	21.823	22.1284	21.7589	22.1511	21.9722	24.197	21.0635	21.185	20.6394	20.4264	21.056	20.633	21.5341	20.849	21.9316	21.2934	20.2522	21.9139	21.5104	19.5161	19.5683	20.6081	21.3378	
26	|	22.4151	22.8218	22.5515	22.6061	22.641	22.3971	22.7779	21.646	21.3478	21.7223	21.8181	20.874	21.0105	19.6793	21.2553	20.7292	20.1506	20.9029	20.774	20.7992	21.0082	19.4716	18.7054	19.1123	20.3421	19.1459	18.6855	18.54	20.1216	
27	|	21.4469	21.9231	21.1129	20.8138	20.8614	20.4598	20.3894	20.1366	19.8303	20.6637	18.9188	19.5858	20.1094	20.0552	20.07	19.8675	18.8436	18.9321	18.674	20.0113	19.9479	18.4135	19.8391	18.4183	19.3817	19.9074	18.6816	19.2018	18.8388	
28	|	22.11	23.4058	22.7657	22.6512	22.5941	22.5094	22.2534	22.0476	21.1153	20.8754	22.1182	21.5392	20.7393	22.0904	21.4445	21.7749	21.8074	20.164	21.7518	20.6577	21.3606	21.3707	20.9173	20.0632	19.4941	19.9905	19.6675	21.2026	20.2398	
29	|	22.3943	22.2338	23.1154	21.8302	22.4112	20.884	20.9268	19.911	21.3593	21.4717	20.0706	20.9849	20.5791	19.6197	21.0584	19.9197	20.0516	20.5908	20.1827	19.5779	19.9311	19.0602	18.7643	18.5503	19.0957	19.9404	19.1692	18.7148	20.0663	
30	|	21.6912	22.8953	23.1823	23.0318	22.7954	22.7172	21.9832	21.8676	21.6011	21.6764	21.1974	21.1021	19.9974	20.9176	21.5864	19.6165	20.5379	21.0019	19.9554	20.8393	20.8651	18.8285	18.8336	20.5331	18.8348	18.8229	18.786	19.6305	19.9353	
31	|	22.4603	22.4481	22.7373	22.2826	22.5457	22.4093	21.5223	22.1483	21.3225	21.1558	21.2459	21.1158	20.3574	20.8398	20.9781	20.1677	19.2412	19.1042	19.1576	19.1922	19.0233	18.635	19.7623	19.2018	18.8264	20.2279	18.3236	18.2204	18.4397	
32	|	23.6588	23.2322	23.8926	23.3899	22.7784	23.7554	21.5214	22.4554	23.169	21.7669	21.0548	20.7809	21.0192	20.2872	22.1421	21.8865	21.1967	21.6592	21.5513	21.3426	19.64	20.6417	20.9315	21.0073	20.2152	20.2521	20.6444	19.473	20.7653	
