20.8337	21.2096	22.1223	22.2373	22.854	22.4364	22.4741	22.5787	22.3229	22.4164	22.4484	23.0191	22.1726	22.6899	21.6761	22.1814	23.2846	23.1353	22.7256	22.7477	22.4955	22.5037	22.9194	21.7846	22.5284	23.0291	22.9156	22.1821	23.1227	
21.3142	21.6706	22.0303	22.2297	22.3335	22.7284	22.4213	22.5418	22.464	22.906	22.5679	22.4872	22.9913	21.9973	23.1267	22.4649	22.5792	21.4519	22.3985	21.1635	23.0841	21.3562	21.3259	23.1679	20.8573	22.0076	21.2949	22.7789	21.7153	
21.8888	22.4157	22.4038	22.5304	22.5727	23.054	22.6646	23.1031	22.4926	22.3395	22.2857	22.4803	22.457	22.7388	23.2459	21.6706	21.4346	22.0904	23.0767	21.4116	21.0959	22.9999	20.8441	21.4007	22.9043	21.5065	23.3237	21.7798	21.5952	
21.7571	22.4663	22.9581	22.7621	23.5675	22.6818	23.4179	22.8244	22.7878	23.4612	23.5595	22.8826	23.6375	23.957	22.387	23.4227	22.8149	22.9737	22.5658	23.3972	23.3848	23.2664	22.899	23.8934	23.6526	23.1463	22.4435	23.5913	22.2772	
21.6332	22.3451	22.4679	22.855	22.3372	23.0951	22.7	23.1349	23.0333	22.4744	23.4193	23.6713	22.4297	22.0903	23.32	22.2524	21.518	23.6541	22.8988	20.6524	23.3043	21.6945	21.2469	21.0018	20.7152	22.9757	20.5785	21.0083	20.4797	
21.1898	22.2123	22.587	22.425	22.2583	22.457	22.7132	22.5846	22.8319	22.5561	22.8876	22.6533	22.8129	22.4456	21.5465	21.164	20.9274	21.6635	20.9329	22.3422	22.5135	21.6572	20.3589	20.2864	21.119	21.5241	20.4314	20.4251	21.738	
21.7564	22.1714	22.9692	22.8523	22.5963	22.98	22.8107	23.1352	23.3093	23.0771	23.0195	22.1193	22.7659	22.1871	23.4761	21.676	20.7089	21.2903	21.7342	22.2866	20.898	20.7948	21.3043	22.1201	21.9367	20.2886	21.5033	19.9978	20.456	
22.5466	23.0196	21.821	22.7669	23.2219	23.012	23.651	23.1818	22.8335	23.0321	23.1552	21.7965	21.2051	20.4868	20.8168	20.2033	20.7327	19.6306	19.7819	19.9757	19.7978	19.4419	19.5259	19.7124	19.1361	19.0331	18.7538	19.3256	19.2559	
22.3952	22.1154	23.1853	23.328	23.1622	22.4485	22.7265	23.1513	22.6763	22.7394	23.2837	22.2383	23.1518	21.629	22.3557	22.929	21.5287	22.598	22.529	22.192	21.613	21.2691	20.9352	20.3427	20.4909	20.1845	20.2261	20.3393	20.272	
21.3874	21.5795	21.8871	21.8874	21.1554	21.2049	20.9009	20.2845	19.1255	19.0309	19.7179	19.708	19.0374	18.829	18.6969	19.0922	18.7363	18.6198	19.4197	18.4197	19.3967	18.9964	19.6072	19.3167	18.3376	18.3747	18.3064	18.3654	18.1329	
22.0667	22.2512	22.4	21.8445	22.1463	22.1435	21.9815	22.3327	22.123	22.0404	21.3523	20.7735	21.9337	21.8166	21.7126	20.461	21.2131	20.9698	21.1736	20.6588	20.7251	20.2686	20.3038	20.3738	19.8001	19.8699	19.1246	19.6379	19.559	
22.1117	22.4186	22.2978	22.947	21.7792	23.1911	23.2839	22.9139	22.8368	22.5067	20.925	20.4809	20.5921	20.8618	19.4732	20.2271	19.0926	19.3759	19.8101	19.7633	19.566	18.8774	18.3996	19.0226	18.7114	18.377	18.3445	19.1646	18.665	
22.4491	22.1067	22.3315	22.0791	22.0233	22.204	21.3654	21.6099	20.8882	21.1259	20.7035	21.2337	21.1378	21.3577	21.0484	21.0359	20.9006	20.4364	19.7341	20.0386	19.809	19.8306	19.8767	19.4738	20.1547	19.3885	19.4984	19.9342	19.6955	
21.9229	22.2557	22.2353	22.2989	21.5597	21.7646	21.4695	20.7504	21.3429	20.8026	20.5215	19.9976	20.6904	20.7031	19.6753	19.4241	20.6104	20.4775	19.2684	19.5857	20.4188	19.7658	18.67	19.873	18.727	19.0933	19.9872	18.516	18.3655	
21.8453	22.3247	22.239	22.0609	22.4741	22.1295	21.9947	21.706	21.4487	21.7389	21.8367	21.6341	20.9809	19.9265	20.9126	20.2202	19.4742	18.8955	18.818	20.461	19.2649	20.1992	20.201	18.7091	19.5403	18.4408	19.555	18.4927	18.2599	
22.0855	22.2983	22.1663	22.2159	22.1115	21.7993	22.2141	22.0241	22.1151	22.113	20.787	19.879	21.0621	21.285	20.8468	20.7539	20.439	20.7727	19.5806	20.2289	19.6493	19.4227	19.4955	19.4887	18.529	18.465	18.7482	18.4492	18.4214	
22.305	22.8394	22.3427	22.6676	21.9182	22.8957	23.1696	22.979	21.9434	22.0345	22.0828	20.3472	20.793	20.8833	20.9164	20.2285	19.901	19.9984	20.3124	19.7877	19.772	19.5298	18.8066	20.2761	19.6027	18.9282	18.9691	19.057	18.9381	
21.9308	21.9509	22.2457	22.3872	22.1746	22.2281	22.0932	21.5681	21.0521	21.329	21.0533	20.9085	20.6154	19.2765	20.6501	20.5271	20.0177	20.0838	20.0498	19.1711	20.0245	18.4304	19.6632	18.4861	19.8013	18.4267	18.8447	19.5777	18.2337	
22.4056	22.4534	22.6974	23.1371	21.8177	22.4788	21.674	21.9176	21.0585	21.8034	21.5497	21.1022	20.7047	19.8991	19.4504	19.8353	20.2202	19.6058	19.8853	20.291	20.0328	19.6319	19.0091	19.7333	19.3685	18.3104	18.88	18.4738	18.5587	
21.7642	21.5738	21.8728	21.8691	21.5436	21.9995	21.3914	21.3557	21.3971	20.977	20.9127	20.1132	20.4576	20.209	20.6025	20.6988	20.4467	19.6586	20.3137	19.7262	20.6	20.0376	20.564	19.7214	19.5524	19.2406	19.2738	19.3662	19.3964	
22.3212	22.0049	22.1008	22.7036	22.7759	22.0823	21.1708	20.2173	20.774	20.4413	20.2139	20.4896	19.4293	20.3873	19.5924	19.4072	19.0516	18.146	18.1783	19.1326	18.8763	18.7817	19.3233	18.8281	19.3313	18.2053	17.8885	18.1465	18.6929	
21.6812	21.8745	22.3607	21.862	21.9885	23.7489	21.5274	22.5389	21.4926	21.313	21.7461	20.6584	19.9837	20.0184	20.227	19.7936	20.6333	20.5457	20.0973	19.2768	19.5951	19.3947	20.6536	19.5587	19.7768	20.0709	20.0268	19.0621	19.2453	
22.2741	22.175	22.1681	22.0673	22.0253	21.965	21.0727	21.0389	21.1893	20.9817	20.6719	20.6186	20.547	20.323	19.7558	19.6674	19.2729	19.8383	19.7154	19.1118	19.2145	19.6216	18.9493	18.4303	19.6722	18.3526	18.395	18.6845	18.8983	
22.3539	21.9116	22.4345	22.0284	22.3043	21.5156	22.1767	21.6644	20.7716	20.457	21.2767	20.3041	20.6764	21.6059	19.8267	20.7589	21.0704	20.1659	21.0996	20.471	20.4581	20.4428	19.7357	18.9011	19.0981	18.761	19.2818	19.6083	18.6542	
21.3194	21.9219	21.7788	21.7271	21.511	21.8116	21.3782	21.3821	20.4137	19.6713	20.633	19.8614	20.0954	19.6216	20.1739	19.2001	19.9429	19.7513	19.7863	18.2219	19.5204	18.1995	18.7942	18.4618	18.5697	18.2059	18.0914	18.6792	18.2832	
19.5962	19.7223	19.502	19.96	19.7626	19.8408	19.0551	19.8909	18.9988	19.7153	19.1871	18.9506	19.0344	19.3844	19.371	18.4755	18.6572	19.1368	18.1685	19.0195	18.7378	18.3326	18.8112	18.6945	18.9105	18.6993	18.1552	18.6924	18.0255	
21.5582	22.1504	21.1381	21.8351	21.792	21.3393	21.8346	20.9382	20.6415	20.3203	20.6492	20.6019	20.8752	19.857	20.8844	20.9626	20.9199	20.0194	19.3195	20.1096	19.7531	20.2214	20.0256	19.4674	19.1784	19.9218	18.4733	19.9508	19.2007	
21.031	20.7433	21.2739	20.8196	19.8072	20.1679	20.6112	19.1657	20.7779	20.5324	19.3794	20.2912	19.6035	19.0978	18.8369	19.3157	20.006	17.9445	18.1629	19.5249	19.141	18.2786	19.189	19.2704	18.8055	18.0775	18.4162	18.9589	18.647	
21.7983	21.9822	22.1019	22.0177	22.0625	21.0076	19.7606	20.1634	20.5268	20.3297	20.9342	19.9815	20.3177	20.2079	19.0345	18.8731	19.5386	20.4242	19.9846	18.3711	18.9924	19.0982	18.132	18.5337	19.2148	18.2052	18.3905	18.0598	19.1302	
21.485	21.3487	21.6391	21.5411	21.4363	21.4217	21.2628	21.1452	20.6035	19.8477	20.1922	19.6936	19.9482	18.9534	18.491	19.3705	19.1833	18.6867	19.2551	17.8039	18.7744	18.1196	18.768	17.8898	17.9159	17.7872	18.7978	18.725	17.6898	
21.1368	21.7317	21.9263	21.5823	22.534	21.1982	20.7229	22.9254	19.9473	19.9519	20.4973	20.1673	21.8779	19.7425	20.0743	19.3803	20.2137	19.6283	18.8363	20.172	19.2963	19.2829	19.1493	19.3305	18.4075	18.6998	18.8589	18.7335	18.7431	
