21.5639	17.4848	17.6399	18.2621	18.1946	18.1929	25.1186	25.7837	18.5563	18.226	18.407	18.6423	25.9169	26.9664	18.5019	18.3883	18.375	18.1743	26.0435	26.6556	18.3493	18.3466	18.391	25.4977	26.0695	25.975	18.566	18.0561	18.3285	
17.5263	24.7757	25.3927	18.1568	18.1688	18.2737	18.4158	25.8015	25.5474	18.5799	18.5362	18.3804	17.9399	24.7171	26.0678	18.2855	18.2245	18.9811	18.0331	26.8255	25.6471	18.0282	18.4143	18.5663	17.9402	24.8129	24.8721	18.0255	17.5509	
17.5618	18.3124	17.3204	24.2027	25.1883	17.8157	17.6486	18.3168	17.9073	18.1829	24.9815	24.6844	17.6638	17.2628	16.5343	16.6054	16.8333	16.045	16.5981	22.1109	22.1585	21.5579	21.8032	16.3739	16.0663	16.011	15.9415	15.7985	16.1402	
17.6128	18.2845	26.2788	25.5827	25.98	17.7583	17.8482	18.1413	18.5711	25.8265	25.9348	18.3594	18.637	17.7528	18.333	25.0638	24.1317	17.3909	17.2002	16.8699	16.6632	16.7296	16.5758	16.4565	21.2949	22.0471	21.6996	17.3509	15.9665	
17.8179	17.8521	17.9312	18.2853	25.7907	25.6045	14.0842	18.2483	18.214	18.0366	26.0711	25.4021	18.296	17.6422	17.5744	17.8948	17.3601	23.7397	24.416	17.4906	17.1883	17.1365	16.6404	16.5743	16.5524	16.4558	22.2491	21.4458	21.7984	
24.265	17.6354	17.7878	17.7891	17.2133	25.3363	22.8605	23.8637	16.7448	16.5721	16.376	17.3666	17.0418	16.9663	16.5503	22.2886	21.5087	21.3258	16.0697	16.0134	16.1942	16.2556	16.141	16.1739	15.57	15.6862	15.7162	15.7015	15.3139	
17.7355	17.3494	24.2158	25.6027	17.663	17.3137	17.25	16.3744	15.7586	16.6362	15.7638	15.8691	15.3565	15.3314	15.329	15.4905	15.4677	15.249	15.6851	15.2048	15.2241	15.2062	15.1892	15.1644	15.0775	15.1126	15.0276	15.2519	15.0213	
17.2764	24.2201	23.6036	23.0025	17.5299	17.4029	17.2242	17.1172	16.5347	16.7455	22.5524	22.2164	23.0851	16.2315	16.719	16.1705	16.0777	16.1917	15.8956	16.1228	15.6756	15.7201	15.8596	15.7046	15.6594	15.463	15.4431	15.1559	15.6941	
17.2837	24.4536	23.6526	17.2526	17.2915	17.0428	17.0359	16.9244	17.0452	16.6543	22.7572	22.2071	22.3264	16.3568	16.5823	16.3056	15.9479	16.3481	15.8254	15.9392	15.8443	16.1188	15.8011	15.8257	15.4549	15.687	15.5832	15.3412	15.6185	
17.059	23.7997	24.4634	17.4753	17.2019	17.0386	16.9915	17.2921	17.148	22.2504	22.6501	22.4189	22.049	15.9284	16.0784	16.0725	16.0502	15.5725	15.3602	15.6447	15.8603	15.7153	15.2745	15.3301	15.3282	15.4086	15.2803	15.124	15.1152	
17.3909	17.6506	17.536	23.3855	24.5103	23.0222	17.4794	17.3244	16.762	16.9722	16.8711	16.4933	16.1117	16.4241	21.4092	21.2097	21.352	15.7032	15.7451	15.2996	15.8023	15.5757	15.6409	15.4953	15.2902	15.363	15.1459	15.2543	15.4775	
17.212	17.2845	17.0386	17.4388	17.0526	23.3688	22.8219	22.518	16.8617	16.4389	16.3139	15.8445	15.9606	15.8049	15.9207	15.5788	15.9271	15.4514	15.4077	15.1772	15.3197	15.1607	15.2925	15.2674	14.7904	15.2101	15.0306	14.88	15.1908	
17.3994	17.2421	17.3943	23.1823	22.5422	21.5686	21.8556	15.9649	16.5628	16.3834	16.0176	16.2873	15.8877	15.9916	15.8427	15.7698	15.9388	15.4105	15.8848	15.3048	15.4119	15.1166	15.1069	15.3104	15.0843	15.2659	15.2106	15.1695	15.1834	
17.4883	17.0527	24.1269	22.8541	18.0997	16.6369	16.665	16.125	16.627	16.1714	16.2626	16.5078	15.9626	16.7454	15.6895	15.7764	21.5278	21.089	20.7817	20.4387	16.6448	15.5694	15.3744	15.42	15.4248	15.8097	15.5988	15.4014	15.1412	
16.2158	16.2424	15.5572	15.5545	15.5344	15.6298	15.9618	15.1299	15.4045	15.7262	15.5397	15.5506	15.4178	14.9416	15.1314	15.3598	15.1641	15.0986	15.2476	15.0942	14.9564	14.9483	14.8498	15.043	14.9463	14.8482	14.8868	14.8095	14.7019	
17.868	17.2312	17.2098	16.9288	16.6644	16.4668	16.4586	15.9608	15.6289	15.6348	21.1503	22.0404	20.9763	22.1993	16.1485	15.3595	15.55	15.5461	15.4498	15.796	15.3104	15.026	15.2919	15.3857	15.4549	15.2264	14.9194	15.0401	15.0657	
17.1537	17.3933	16.8575	16.7896	16.7845	16.4474	15.8035	19.5925	21.0139	21.0001	21.5347	15.7509	15.7443	16.177	15.5179	15.5555	15.6958	14.9976	15.2095	15.2767	15.2462	15.0561	14.6525	15.2681	15.0123	14.9009	14.9606	14.8616	14.8168	
17.866	17.475	17.1398	16.7725	17.119	16.4101	16.2988	16.0182	23.2769	20.9556	20.7324	15.4098	16.3142	16.3036	15.2904	16.4716	15.3119	15.5797	15.8736	14.7832	15.6956	15.0302	14.7966	15.0782	14.9255	15.1325	14.9276	15.0119	14.9067	
17.2168	16.9805	16.9695	17.166	16.8027	16.7319	16.4885	21.8441	21.5673	21.9306	16.0989	15.8774	15.8073	16.111	15.4683	15.6	15.4724	15.287	15.1471	15.3571	14.9147	15.1843	15.2729	15.0801	14.8721	15.1393	15.363	14.9614	15.1297	
17.0367	17.1503	17.3003	16.9002	16.3974	16.33	16.0622	16.0792	16.2411	21.2446	21.0939	21.4624	15.5753	15.3302	15.7219	15.3136	15.2799	15.2013	14.9055	14.9836	15.2352	15.3521	15.0672	14.8281	19.3487	15.7808	19.4555	19.3159	19.1693	
23.5012	16.9178	17.2975	16.9754	17.4162	16.7262	16.2344	16.2884	15.6601	22.1402	22.365	20.4296	15.7866	16.1942	15.3814	15.2155	14.9726	15.63	14.6889	15.6916	14.9967	14.8027	14.6439	19.8129	15.3224	19.0079	15.6216	19.9972	19.2291	
22.6014	16.7734	16.6972	16.8543	16.6684	16.3134	15.7958	15.5747	15.4796	15.4848	15.4592	15.7147	15.3776	15.4326	15.3338	14.9383	15.0805	14.8688	15.1725	14.7857	14.8669	15.0172	14.6961	14.9243	14.8624	14.7433	14.7092	14.8252	14.9692	
17.5078	17.6973	16.8581	17.5339	16.933	16.842	22.144	22.3117	21.2495	21.07	15.2661	15.2516	15.548	14.9321	15.2394	19.9423	19.8101	20.0183	20.3436	15.0908	15.9346	19.4605	19.3924	19.5287	19.343	19.2992	19.1868	15.9261	16.0285	
23.2714	17.0481	16.9837	16.8971	16.7344	16.4595	16.842	16.2431	22.5384	22.3725	21.5435	15.7475	15.9158	16.5176	16.0056	15.7535	15.5031	15.7234	15.4132	15.4067	15.2266	15.03	15.1049	15.237	15.3545	15.4425	14.7945	15.0336	15.0274	
16.8789	16.5637	16.436	16.7729	15.8521	16.5039	16.5727	15.4507	16.0977	22.3811	20.7029	20.4302	15.6777	15.8604	15.8497	15.2237	15.0903	15.3023	15.2048	14.7625	14.8321	14.8058	15.5391	19.2155	19.4659	19.471	19.1504	19.1276	19.0189	
22.8457	16.9925	16.4482	15.7936	16.5483	16.305	14.9952	15.3611	15.379	15.779	15.487	15.0566	15.1544	15.1856	14.8877	15.2801	14.6622	14.831	14.7666	14.6109	14.71	15.1191	14.6274	14.7239	14.7681	14.8581	14.3947	19.2437	18.8965	
18.5152	17.5212	16.4348	17.5563	16.8198	16.2872	16.5047	16.2284	15.1945	15.8788	21.5543	20.0029	21.2479	20.959	19.974	19.6853	20.832	14.9495	14.8736	19.1797	19.2116	19.2061	19.526	19.367	19.412	15.4909	18.9851	18.7616	19.359	
22.5509	17.3692	16.8259	16.9516	15.7248	16.1531	16.0036	15.6959	15.1912	15.7337	15.4306	15.2445	15.0666	15.0853	15.4211	15.2551	15.3197	15.0357	14.7426	14.8633	15.163	14.7513	14.691	14.7436	15.0495	14.6188	14.9004	14.7231	15.1633	
16.9858	16.85	16.7558	16.3391	15.824	15.7874	16.8001	15.8238	15.865	21.4486	20.9338	22.4749	22.0274	16.5673	15.4611	15.9462	15.0547	15.4485	15.4452	15.1118	14.9106	15.0787	15.2293	15.211	14.8145	14.8451	15.0525	15.0087	15.1935	
16.5011	16.5561	16.2258	16.3063	15.5509	15.7343	15.921	15.6005	15.4863	15.7318	15.4163	16.268	15.7059	16.0015	15.1502	15.3331	15.2001	14.9128	15.1426	14.9881	14.8909	14.8714	14.8881	14.7817	14.6215	14.5649	14.7776	14.5624	14.825	
16.366	16.9302	16.754	15.2517	16.5032	16.2315	15.8177	15.1216	15.5091	15.5176	15.4091	15.0963	15.582	15.1894	15.0371	15.2006	14.9922	14.7961	14.6053	14.8533	14.7018	14.7253	14.8023	14.7055	14.7628	14.9021	14.5736	14.7758	14.4716	
