23.9867	24.4259	25.1955	25.4751	25.15	25.6358	26.0736	26.2745	26.5764	26.4148	25.3879	26.3899	26.5214	26.1707	25.8857	26.3444	26.0829	26.3123	26.4971	25.7646	25.3428	25.606	25.8577	25.9977	25.9392	26.3599	26.1616	25.8394	25.9344	
24.5889	25.2747	25.4137	25.9261	26.2081	25.6607	26.2473	26.4907	25.8864	26.1273	26.3391	26.7131	25.4811	26.063	26.3788	25.9761	26.0441	26.0217	24.8656	25.9073	26.7696	26.0526	26.9898	25.4729	26.2795	25.604	26.1743	24.6488	24.7527	
24.7618	25.2828	25.7368	25.5293	24.959	25.1321	25.4849	26.254	24.9215	24.6408	25.1815	25.181	24.2222	24.7152	22.9025	22.8394	22.2883	22.6835	22.1534	22.3443	22.1501	21.9804	21.7106	21.5683	22.036	21.5141	21.5311	21.4837	21.1263	
25.1259	25.3341	25.2925	25.2312	25.2325	26.4227	26.9571	25.5962	25.4323	26.2793	25.4416	25.9611	25.4276	25.2578	25.3534	25.522	25.3972	23.9128	24.2178	23.7591	23.9507	23.2656	22.4471	22.0813	22.476	22.226	22.2991	21.6758	22.1069	
24.8182	25.2809	25.9424	25.8142	25.0664	25.3474	25.3069	26.5516	24.6161	23.8902	26.3956	26.4223	25.6584	25.2108	24.9941	25.8433	24.0823	25.3756	24.2125	24.7747	23.4566	24.1285	23.0098	22.7077	22.6859	22.7308	21.6058	21.8411	21.7531	
24.5125	25.2604	24.1389	25.8932	23.258	24.6624	23.9079	25.1899	22.9359	22.4493	23.0493	23.6071	21.9539	22.4933	22.1789	22.2041	21.7363	23.2863	21.5764	21.4234	22.2188	21.3852	21.8845	21.3561	21.2816	21.6986	21.5101	21.6239	20.3107	
24.6185	25.5355	24.2553	25.5112	25.7583	25.0919	23.8144	22.5174	22.8885	22.174	22.0103	21.346	21.1898	20.3394	21.6021	20.5994	21.4203	20.3303	20.1429	20.5156	20.2124	20.468	20.5382	19.7548	20.0922	20.0865	19.7831	19.8392	20.1637	
23.5732	23.735	24.1379	24.5645	24.2807	23.4085	22.7407	23.5809	22.6833	22.8426	23.2984	22.0601	22.433	23.3334	23.2044	21.3875	22.61	21.4268	21.2978	20.9484	21.2151	20.8604	22.136	20.667	20.5616	20.5957	21.3116	20.5472	20.131	
23.5699	23.6596	24.1561	24.1223	24.9443	23.0546	23.0298	23.2736	23.7579	22.7441	23.7235	23.3805	22.5428	22.0972	22.8229	22.2195	21.6775	21.6097	21.0071	21.2972	21.7638	21.6989	20.7478	21.0189	20.5998	20.7227	20.6336	21.0418	20.1612	
24.7897	23.7899	24.4602	25.0279	24.3501	24.514	24.3906	23.7866	22.9504	22.4452	22.9239	23.1935	21.8869	21.9566	21.2362	22.1631	20.6845	20.8356	20.5087	20.3896	20.2211	20.224	20.2141	19.9622	19.9096	20.3048	20.5667	19.7368	19.8025	
24.3795	24.8331	23.5524	24.8224	23.782	23.6485	23.1648	23.2326	23.3733	22.2945	22.5067	22.0127	22.9025	21.8269	22.0833	21.2311	22.0834	21.3621	21.4658	20.4505	20.585	20.3792	20.4178	20.3807	20.3088	19.9419	21.0372	20.4959	21.1941	
23.5674	23.5853	24.2944	23.4913	23.4181	24.037	22.3359	23.8645	22.345	21.8366	22.6079	21.2332	21.1255	21.4439	20.8991	20.6026	21.6196	20.4603	21.3371	20.7532	21.0697	20.3212	20.2417	20.6015	20.7826	19.9554	20.7466	20.0454	19.4951	
24.2815	24.1219	23.5199	24.7036	24.6589	22.8464	22.382	23.9872	22.2929	21.9391	21.3405	22.1299	21.1344	21.1348	21.585	21.295	20.3987	20.5914	20.5364	20.4827	20.3991	21.2039	20.385	20.1524	19.9632	19.904	20.288	20.696	19.9237	
23.6899	24.021	25.7696	23.7307	22.6926	22.7104	21.8022	22.5459	21.1956	21.3019	22.411	21.69	22.6395	22.2707	21.0603	20.4892	20.9021	21.6559	22.1507	21.4927	20.506	21.6959	20.0255	20.3772	20.8379	20.4533	20.1111	19.8766	20.5098	
20.6701	20.3975	20.4616	21.4474	21.5172	20.7059	20.2066	20.948	20.138	20.5969	19.9462	19.4815	20.3321	19.9876	19.9585	19.8128	20.0831	19.7561	19.9098	19.8162	19.7188	20.1888	19.615	20.2905	19.5414	19.4896	19.5764	19.3438	20.0894	
23.1199	24.663	23.528	23.1184	23.4411	22.6726	22.5383	22.4082	21.5071	22.1053	21.6539	20.9785	20.6841	22.0051	21.3007	22.0832	20.4936	21.7437	21.112	20.926	20.1279	20.3754	19.8131	20.2475	19.7574	19.3735	19.6975	20.0248	19.4208	
23.1487	23.2235	23.0972	24.0082	23.3397	20.9911	21.43	22.7044	21.9439	21.6648	20.741	20.7696	22.0026	20.102	20.7693	20.0822	20.3072	20.3423	20.0889	19.4214	20.6315	19.7165	19.6902	19.8236	19.7387	19.4373	20.3745	19.8376	20.0116	
23.714	24.2531	23.9917	23.8944	23.2697	23.029	23.1095	21.9442	22.0654	21.5906	21.3067	20.3382	20.8859	20.3202	20.2268	19.9217	21.4077	21.9336	20.7847	20.0426	19.8775	19.7069	20.5659	20.2624	19.8722	19.5481	19.4789	19.6353	19.8973	
24.2298	24.0083	23.793	24.0065	23.493	23.0484	22.8128	22.1966	23.0007	22.1112	20.9187	21.5956	20.6646	20.6127	20.6524	21.4384	20.437	20.9525	20.1221	20.237	20.3125	20.0143	20.541	20.3006	19.9322	20.044	19.9291	20.6782	19.7893	
23.7849	23.4163	23.6984	25.0117	23.3531	22.4658	21.4366	22.4551	21.7088	20.6637	21.5366	20.4597	20.0396	20.3326	20.2542	21.4406	19.9788	21.2174	19.7212	19.7634	19.6814	19.6558	20.8707	19.7812	19.4173	20.3105	19.4751	19.4596	19.1329	
23.8246	23.1803	23.1099	23.7665	25.022	21.8483	22.3599	21.3901	22.0548	22.7308	20.8583	21.3844	21.8941	20.5835	20.0864	19.6252	19.7259	21.1928	19.4808	20.6266	19.4575	20.7935	20.4388	20.7776	20.0579	20.0579	19.8676	19.7073	19.0359	
22.6603	23.1046	22.3411	22.4793	21.9184	21.0865	20.2017	21.9754	20.3598	21.5455	21.1397	20.6916	19.8271	20.8191	19.5244	19.8708	20.405	19.6381	19.5503	20.2286	19.2819	19.2258	19.1438	19.111	19.296	19.1933	19.4434	19.445	19.1236	
23.5478	23.575	23.6465	24.0198	23.1328	21.8089	21.0596	20.835	21.0991	20.6555	20.7505	21.33	21.0707	19.3033	20.1694	19.6656	20.1862	20.2973	20.1404	19.8016	19.6731	19.7437	20.3802	19.5454	19.7659	19.3812	19.5025	19.5347	19.7357	
24.0723	23.1056	23.3789	23.1461	22.7206	22.8626	22.7232	22.0851	21.4487	21.1422	22.3691	22.6014	21.1131	21.5108	21.12	21.6567	21.2201	20.313	21.0355	20.657	20.3795	20.1457	20.7415	20.423	20.5761	19.9168	19.9913	19.8418	19.5672	
22.5511	22.4136	22.6415	22.3804	21.8215	21.4014	22.1016	21.9816	22.0274	20.273	21.1743	21.5463	20.0475	21.1371	21.2338	21.5961	21.0154	20.1983	20.2192	20.1756	20.4857	20.4948	19.5586	20.38	20.5989	19.1653	19.6705	19.6669	19.6085	
23.0248	23.2877	22.4715	22.6329	23.2487	20.4134	21.4639	21.3404	19.4372	19.7175	20.3543	21.0775	20.469	19.5429	20.0481	20.0817	19.6925	19.2397	19.2168	19.1412	19.0186	19.1531	19.3355	19.3042	19.3353	18.7862	19.0413	19.1429	19.6663	
22.8016	23.0698	22.9718	22.6591	20.9108	21.3922	22.1989	20.7722	21.1838	20.7464	20.4535	20.4751	20.9913	20.0131	20.169	20.982	19.9582	20.2003	20.3864	19.3431	19.8335	19.3232	19.9627	20.0474	19.1808	18.9021	19.2221	19.1548	18.9528	
23.5103	22.7085	23.366	22.7883	22.5126	22.02	22.2161	21.0769	21.0263	20.7133	20.9266	20.3507	20.2612	21.3364	19.8762	19.6403	19.7347	20.2768	19.7069	19.7971	19.7535	19.3736	19.4785	19.4055	19.5131	19.26	19.3236	19.5976	19.1969	
23.3381	22.9912	22.6788	23.5867	24.3259	20.5344	21.9626	22.2604	20.7292	21.6256	21.7723	21.5413	20.7359	20.4563	21.7737	20.2827	22.0013	20.657	19.6903	19.9008	20.7235	19.8828	20.005	20.9875	19.6277	19.5689	20.5403	19.1342	20.2423	
23.2952	22.1577	22.8234	22.3169	23.9855	20.9445	20.6537	22.2456	20.6907	21.5825	20.1741	21.2543	20.82	21.0213	20.1895	19.9821	21.0318	19.9818	19.3942	19.3226	19.4125	19.3272	19.2949	20.4548	18.9069	19.866	19.9035	18.559	19.5527	
22.6035	20.8878	20.6181	21.759	21.7189	21.0075	19.0961	21.643	21.6273	20.5604	20.1478	19.6641	20.3704	19.4191	19.6968	19.7765	20.5314	19.9214	20.0731	19.1838	19.4141	19.266	19.1401	19.5067	19.1147	19.1193	18.771	19.0452	19.1927	
