24.4989	24.8645	24.8528	25.7906	25.9108	26.6725	26.2597	26.4587	27.1853	25.8353	26.4341	26.5617	25.8574	25.518	26.8688	26.616	25.8086	26.7162	26.5377	26.724	26.2804	26.8714	26.4948	26.1992	26.9708	27.2619	26.1582	26.4622	26.5497	
25.413	25.3847	26.2445	26.2497	25.6717	25.5489	26.6803	26.8102	26.8495	27.0595	26.3785	27.2052	26.8173	26.542	26.8825	27.5151	26.7634	26.2624	26.4514	25.9038	27.1632	26.4674	26.2275	26.9609	26.5321	26.1809	25.6318	26.1796	25.2358	
25.7859	25.8169	26.3943	26.22	26.7332	26.7203	26.8915	25.7468	25.2287	26.7112	24.7648	24.5486	23.9174	24.2883	24.6364	23.015	22.8336	23.1181	22.8787	22.992	22.8763	22.7702	21.7838	21.7668	22.6776	21.9462	23.1015	21.6429	21.5561	
25.4036	25.4377	26.0628	25.6236	25.6582	25.9985	26.317	27.2803	26.2649	25.4937	26.722	26.118	26.3127	27.049	26.0767	25.2643	25.6216	24.5101	24.1565	24.3166	24.1369	23.6388	23.1148	23.3229	22.2477	22.9397	21.9279	22.0372	21.9111	
25.9722	26.0998	26.4805	25.6871	25.7663	26.8506	26.8272	26.2291	26.3083	27.3628	25.6827	25.6105	25.7402	26.4943	26.1849	25.7684	25.9782	24.2932	24.2284	25.1282	24.3337	24.7301	23.3864	23.0747	22.6805	22.9301	22.145	21.5198	22.4575	
25.7461	26.1674	25.4367	24.4606	24.0398	24.3375	22.9736	24.5273	24.9081	23.5252	25.4872	24.8983	23.0304	22.4733	22.7014	24.1722	22.919	22.0467	21.7206	22.2244	22.46	22.4569	22.5935	22.2069	21.7768	21.9162	21.7601	20.9986	20.9119	
24.9709	25.5628	25.7522	25.3476	26.3601	25.0244	23.2412	23.0009	22.5697	23.0894	21.3206	20.9392	20.632	20.7938	20.8985	20.3938	20.2492	20.4472	20.1955	19.9808	20.3854	20.1321	20.4547	20.9616	20.7934	20.3853	19.6721	20.7051	20.0681	
25.1411	24.4571	24.6972	23.9319	24.0427	23.5796	22.8365	23.2576	24.0386	23.1577	23.1246	23.5424	22.7864	22.7355	22.1876	22.2501	22.6988	21.4703	21.6078	22.4946	21.1917	20.7585	21.6146	21.3689	21.264	20.6787	21.2245	20.5198	20.4775	
24.4328	23.8891	23.7395	23.8297	25.0867	23.6707	23.483	23.7006	24.2046	23.8434	24.4259	22.2864	23.7854	22.4168	23.2351	22.0909	21.8167	21.6781	21.5293	21.6885	22.4963	20.9276	21.6968	21.7976	21.2045	21.7227	20.9133	20.6877	20.359	
24.9369	25.0633	24.4151	25.3828	25.901	24.9045	23.8143	24.4092	23.0281	24.6018	23.051	23.0534	22.4108	21.7615	21.6875	21.3478	21.6505	20.9728	21.8173	21.7748	20.6094	20.4784	20.6274	20.3469	21.7773	20.4352	19.996	20.1177	20.1431	
24.5158	25.1686	24.769	25.5283	24.6881	24.8286	23.6672	23.7413	24.4292	23.0761	23.7764	23.2088	22.8351	23.0885	22.4089	21.8819	21.0075	21.1517	20.9761	21.2568	20.4336	20.9633	20.7994	20.8377	20.7138	21.3604	20.6087	20.1482	20.7786	
24.606	24.4798	24.5602	23.7102	24.0806	22.9515	23.2911	23.4438	22.9307	21.7826	21.7761	21.5945	21.9485	21.6027	22.1823	21.3749	20.6483	21.244	20.815	20.4868	20.318	20.7008	20.0962	20.8459	19.8823	20.3369	20.8746	19.969	19.7055	
24.7277	24.4919	24.333	23.6296	24.0473	22.8485	23.4517	22.2394	22.6201	21.6995	22.5071	22.2654	21.4317	21.4524	20.9535	21.1101	21.9565	20.7289	20.9529	20.5411	20.5715	20.8743	20.2248	21.0486	20.1329	21.6571	19.9452	20.4509	19.9744	
24.7724	25.2749	23.8966	24.617	23.9677	23.7534	25.2889	22.1382	21.5553	22.5382	22.2148	22.4012	22.4167	21.2929	22.6783	21.413	22.3339	21.5542	21.906	22.1849	20.6666	20.5849	21.0083	21.4255	20.8469	19.6128	20.4368	20.6346	20.3098	
22.3381	22.2498	21.3965	20.7452	21.2908	20.8789	21.2564	21.5267	20.1214	21.2342	20.5046	20.3689	20.0648	21.534	20.3081	20.3281	21.3597	20.4344	20.4921	20.2338	19.9557	20.2105	20.3523	19.7138	20.3778	20.1526	20.4569	19.8232	19.747	
23.6775	24.1208	23.6195	23.6392	23.5984	23.766	23.2425	22.3169	22.4075	21.545	22.2815	21.45	21.1751	21.2596	22.0194	20.6682	21.6616	21.3891	21.0139	19.8548	21.2589	21.0425	20.2027	20.7295	20.1524	20.5242	20.0394	20.3574	19.7602	
24.5084	24.0656	22.8719	24.6097	23.8239	23.5637	22.6594	23.037	22.4961	21.9157	21.3096	21.059	20.6057	21.1793	21.5024	20.6385	21.3577	20.9369	21.2357	20.0857	19.7845	20.0274	19.5932	20.004	20.05	20.6362	20.0522	19.8111	21.0187	
24.8342	24.7033	24.2988	23.8784	26.2638	24.129	22.378	22.4964	21.8726	21.7494	21.6531	21.2112	23.3019	22.2469	20.3881	21.5686	19.8901	19.6977	21.0042	21.7991	19.614	21.5306	20.6594	19.8874	20.5308	20.3207	19.838	20.1122	19.0779	
24.5203	24.2849	24.092	24.2166	23.16	23.1326	22.9043	22.0574	22.5974	21.3263	22.328	21.5208	20.9908	20.9146	20.6264	21.7937	21.0346	21.1138	20.52	20.0741	20.564	20.3152	19.6802	20.6884	19.8948	20.1259	20.3997	20.2988	20.7606	
23.8369	23.8392	24.1295	24.2217	23.3866	22.6116	22.0434	21.2605	22.4666	21.8072	21.4659	21.5718	21.436	20.9872	21.0948	20.8857	20.0498	20.4766	20.6399	19.7091	20.0151	21.1929	19.7837	19.5207	19.7379	20.6094	20.091	19.3863	20.3329	
23.3335	23.5295	24.2414	26.5124	23.2357	22.3387	22.3437	22.3615	23.955	22.0419	23.0174	20.7404	21.1619	20.8471	20.56	22.1064	21.6574	19.6344	20.9902	19.7346	21.6988	19.823	20.178	18.9801	19.2764	19.5164	20.2515	21.0389	19.7241	
23.1115	24.3494	23.2486	24.8386	22.387	21.4572	21.1287	21.4733	21.8271	21.4302	20.5575	20.4039	20.3424	20.3313	20.813	19.8327	20.0198	20.5327	20.9044	20.6713	19.3736	19.2969	19.9459	19.0641	19.7589	19.6327	19.3494	19.1543	20.2949	
24.2766	24.1329	24.2555	24.0882	23.0025	23.4142	21.8751	21.6281	21.1518	21.8191	21.0536	21.1666	19.4487	20.9473	21.8997	20.4653	20.4079	19.5882	20.5227	19.8194	19.7175	20.7854	19.7354	20.301	20.8321	19.8354	20.8584	19.4793	19.5239	
23.2979	23.912	23.537	23.3328	23.5494	21.6603	23.2068	23.3154	23.0798	22.5081	22.1324	21.0336	21.7341	20.5903	21.2692	21.4714	21.0685	21.4756	21.4128	21.1418	20.333	20.3309	20.5039	19.7544	20.0443	21.1303	20.4241	20.1179	20.0617	
22.4703	23.5855	23.4335	23.1814	22.9862	21.385	21.4266	22.2979	22.8917	22.0796	20.9022	21.6415	21.2432	20.9309	20.3021	20.6312	20.2717	20.4145	20.7769	19.698	19.3447	19.388	20.5086	19.1498	20.6507	20.0856	19.2818	19.3559	20.4168	
23.9278	23.3903	22.4603	23.5708	22.2025	21.3736	21.2761	20.4808	21.1745	20.6392	21.0044	21.1507	20.0012	21.097	19.9991	19.3936	20.3108	19.4456	19.5689	19.2511	19.456	19.3207	20.6285	19.2046	19.3674	19.2005	19.1965	19.2176	20.2854	
23.6689	22.9078	23.1417	22.0879	21.9867	21.2536	22.0416	22.4636	21.6623	20.2627	20.4117	21.386	20.5217	19.9212	21.4593	19.8854	20.8085	19.6523	20.3859	19.3342	20.5311	19.9449	19.4371	19.3695	19.5515	20.1261	19.3138	19.2665	19.4576	
23.6071	23.6966	23.4232	24.3838	23.4255	23.0748	21.4802	20.5669	20.9957	20.7442	20.5805	21.3737	20.8766	21.1562	21.3915	20.4812	20.4589	19.5554	19.629	19.6473	19.7045	19.9661	20.853	20.7759	20.0438	19.4065	19.6923	19.6505	19.9489	
23.5275	26.343	23.2126	21.9638	23.0976	25.4767	26.1598	22.9464	22.4303	22.4894	23.1127	21.9769	21.1556	21.4941	21.3247	22.3855	20.6328	21.4917	21.2812	21.5259	20.2755	20.8366	20.2734	20.5373	20.8993	20.6414	20.7662	20.1478	20.5783	
22.1613	26.3218	23.5555	21.179	23.395	24.842	25.2837	21.0094	20.8842	21.2031	22.6457	20.0731	22.1245	20.0523	20.7561	21.1112	20.1751	20.8037	20.834	20.6918	20.5367	19.181	20.1717	19.6607	20.0323	19.502	19.0171	19.8231	19.3223	
22.5904	24.0457	22.5726	21.1459	21.0579	20.1035	21.7534	21.3945	20.1192	20.5552	20.6388	20.7487	20.6809	21.0954	20.6346	19.5834	19.7112	19.7531	20.0417	19.4834	19.8323	20.1531	19.263	19.311	20.0991	19.3157	19.0616	19.3051	19.8478	
