23.4086	24.3187	24.9464	24.7996	25.0912	25.7157	25.1733	25.4724	25.6261	25.6777	25.8695	25.3922	24.8454	25.3247	25.7664	25.3714	26.21	25.4555	24.8874	25.6535	25.5562	25.8685	25.8138	25.6637	25.1431	25.8514	25.7998	25.4854	25.8483	
24.894	24.5865	24.8736	25.2023	25.458	25.3688	25.4458	25.7451	25.4109	25.3964	26.1286	25.5039	25.4858	25.9527	25.8704	25.8532	25.1268	25.8369	27.0531	25.8752	25.5499	25.5368	26.214	26.0504	25.4576	25.2099	25.0063	25.6286	24.6616	
24.4896	23.5603	25.2865	25.5996	25.6815	24.9276	24.6124	25.2969	24.4767	25.8051	23.7661	24.1911	23.0383	23.8196	22.8077	22.8414	23.6345	22.1895	22.204	21.6525	22.3011	22.7936	22.5747	21.2904	21.4329	21.3632	21.1322	21.5565	21.7239	
25.0746	24.6189	25.5183	25.2469	25.9635	24.4973	25.1896	25.3827	25.2703	25.1187	24.1765	25.1875	24.8805	25.2591	25.0541	24.2293	25.0906	24.2275	23.6111	23.9093	23.464	23.0903	22.8214	21.9867	22.4837	22.1281	21.3178	21.5633	21.2791	
23.9626	25.0893	24.5107	25.4727	26.3732	24.8964	25.6048	25.0204	24.7363	25.6141	25.7376	25.0999	25.194	24.5804	24.1969	24.2772	24.4721	24.633	24.1825	24.0241	23.51	23.3606	23.0543	22.5627	22.3283	22.3232	21.6785	21.6359	21.4969	
24.8467	24.7427	23.6901	25.22	25.3383	23.7427	23.1652	23.9717	23.8097	22.7379	23.8505	23.9909	22.563	23.5291	21.6972	21.1253	22.0281	22.1513	21.8983	21.9889	22.6284	21.6391	21.5968	21.5672	21.3566	20.8698	21.0756	20.9763	21.4439	
24.2669	23.8861	25.1358	23.0251	23.9777	23.6405	24.2778	21.5459	22.1314	21.5921	20.7476	20.8276	21.1404	20.1806	21.1163	20.4175	19.7893	20.2742	19.7125	20.2225	19.6137	19.5198	20.0937	19.5679	20.7605	19.7796	19.6147	19.6961	19.6867	
23.4723	24.4013	23.3879	23.0717	23.3617	22.7416	22.6772	23.1823	22.8157	23.1577	22.2771	22.0997	23.0872	23.2207	21.6375	21.5615	22.0296	22.2504	21.1043	20.8228	21.2972	20.6354	20.4715	20.4659	20.4295	19.8256	21.5099	19.897	20.1139	
23.325	24.95	23.7308	23.6979	24.6023	23.1883	23.4617	22.9588	23.4565	22.5202	22.5939	23.1636	23.2102	21.9395	22.8223	22.0047	21.4521	21.1157	21.5243	21.6187	21.1335	21.2183	21.1259	20.6668	20.7996	20.851	20.3134	20.4272	20.0184	
23.5145	24.5483	23.3473	23.8781	23.0023	22.8339	23.4468	23.0081	22.8114	23.3877	22.545	21.4408	22.0582	21.2355	22.7163	20.8932	20.674	20.499	21.3483	21.3096	20.3008	19.7698	20.0677	19.8983	19.6979	19.6369	19.7292	19.8677	19.6418	
23.8185	24.5021	23.6713	25.7266	23.083	24.5475	24.2286	23.4631	22.8335	22.9918	21.8777	22.6908	21.4769	22.0526	20.9536	20.8633	20.7323	20.3176	21.0401	20.7816	19.9778	20.9009	20.37	20.7594	20.4986	20.7455	19.9362	19.9802	19.9409	
23.3441	24.0095	23.6633	23.4431	23.9054	23.2786	24.8783	22.637	22.3135	21.3766	21.0885	20.9501	21.6137	20.7415	20.6094	20.6521	20.4599	20.2822	20.0532	19.9808	20.0364	20.0234	19.735	19.6062	19.7111	19.6119	19.7081	20.5008	20.3118	
24.0838	23.7105	23.9233	23.5239	24.0219	22.6821	24.2495	21.1669	21.957	21.9204	21.5894	21.7745	21.0584	21.4481	20.9177	20.5122	20.5881	20.343	21.0314	20.6041	20.1177	20.5679	20.7884	19.929	20.0853	19.4883	19.7324	19.8267	19.739	
23.5304	23.4604	23.4942	24.398	23.409	22.0781	22.7348	22.2211	22.3586	22.3916	22.4425	22.3484	20.7007	20.8254	22.081	21.9176	21.3119	20.4331	20.9549	21.4725	21.2022	20.4945	20.3453	20.2937	19.9056	19.7382	20.7664	19.9498	20.2717	
21.8379	21.815	20.6378	20.8946	20.7131	20.0812	20.4197	20.9297	20.3157	20.3644	19.7999	20.538	19.878	20.4858	19.6114	19.5734	19.8342	19.3098	20.3823	19.2927	19.3009	19.9503	20.0927	20.1905	19.3041	19.2827	19.8285	19.183	19.2113	
23.6645	23.4387	23.4646	22.4048	22.0972	21.967	22.0279	22.2093	21.6876	21.8523	21.7319	21.4373	21.1695	20.5156	20.9816	21.2863	20.7649	19.4591	20.9516	20.5713	20.1074	20.5327	20.4639	19.9025	19.5759	19.6748	19.6871	19.2538	19.4931	
22.9807	23.6128	22.9788	22.6124	22.6648	22.0215	21.9497	20.4832	20.5819	20.7966	21.1277	20.2738	20.8546	21.3636	21.6119	19.9344	20.0186	20.3495	19.9669	19.8415	20.8178	19.5904	19.7062	19.6266	19.8598	19.9031	18.9175	19.0956	19.4536	
23.5805	24.1278	23.8868	23.3264	23.2443	22.5231	22.1881	21.8391	21.2061	21.4961	20.748	20.3752	22.4055	21.8461	20.6166	20.3241	19.293	19.6104	19.8294	20.4065	21.1066	19.8873	20.1546	20.1931	20.2927	20.4853	20.2144	19.8723	19.8994	
23.2182	24.0811	23.3934	23.4032	23.33	23.2841	22.192	22.2598	21.3662	21.2596	21.4952	21.0206	21.4132	20.4546	21.8059	20.3998	20.3255	20.684	20.8257	19.8445	19.6527	19.9593	20.2339	20.1002	20.1629	20.2404	19.682	19.5835	19.5743	
22.713	22.8218	23.7134	22.5071	22.1999	22.211	21.9483	21.9222	21.065	21.8167	20.2225	20.4473	20.2037	20.3473	19.7212	19.8113	20.0691	19.6237	19.2425	19.6828	19.6019	19.4283	19.5469	19.1633	20.0027	20.3341	19.2665	19.2893	20.23	
23.3174	23.1875	22.8473	23.272	22.2288	21.9182	21.6022	21.6172	21.223	20.5011	22.0886	20.4192	20.136	20.4062	20.4851	20.9087	20.7244	20.405	19.0464	21.17	19.421	19.6513	19.8268	19.6261	20.0117	19.4859	19.3069	19.3385	19.339	
23.4739	23.118	22.8459	23.6665	21.628	21.5274	22.0189	21.2655	21.3076	20.6805	20.3839	20.1062	19.9342	19.7681	19.7953	20.3563	19.5927	19.5247	19.1963	19.219	19.6623	19.7767	19.0657	19.0358	18.8988	19.0917	20.102	18.667	19.1454	
23.5668	23.2051	23.1746	23.4663	22.6658	21.0504	21.5455	21.3035	20.4943	20.8539	20.522	21.0629	20.0907	20.0466	19.4536	19.358	20.2045	20.8885	19.373	19.3604	19.5118	19.3484	19.5535	19.5832	20.9202	19.4165	19.2454	19.2967	19.0734	
22.5631	23.276	22.6646	22.8218	23.0513	22.7112	21.1231	22.7947	22.2717	22.4317	21.6417	20.6984	20.4043	21.6946	21.715	21.7107	20.7518	21.1983	20.3423	20.5129	20.8372	20.5424	20.8942	20.4976	19.6075	19.5827	19.6161	20.2221	19.611	
22.5769	23.0053	22.3599	22.2351	22.51	21.3654	21.5675	21.652	21.7636	21.3769	21.4467	20.1797	20.2982	20.2639	20.4598	20.6503	19.0894	20.8266	19.2768	20.3535	20.184	20.004	19.7143	20.3103	19.4599	18.7043	18.7391	19.4666	18.7028	
22.8462	22.8926	21.8065	21.3933	20.7153	21.2825	21.7425	19.1174	20.8311	20.4191	18.9995	19.3872	19.6554	19.4295	19.7321	20.2062	19.3991	19.0929	18.9279	19.0894	19.2677	19.8912	19.0813	18.3128	18.4903	18.7877	18.6249	18.9469	18.921	
21.9375	22.9177	23.3569	22.8198	21.8016	22.7077	21.92	22.4537	21.3916	20.4584	21.2179	21.2216	19.7734	20.8232	20.9375	19.7329	19.2692	20.0735	20.3493	19.3641	19.0692	19.3739	19.1775	19.9281	18.4445	18.4662	19.2964	18.6101	18.6958	
22.9037	22.9375	24.2029	22.7014	22.6056	21.8677	20.3229	20.3361	20.8994	20.0995	20.7691	20.7837	19.5337	18.8981	19.4924	19.6159	19.1933	19.7583	20.7407	19.4766	20.2537	19.3906	19.5532	20.0833	18.7843	19.1893	19.3143	18.6298	19.0402	
24.3322	24.4019	23.6057	22.8719	22.0694	22.7393	24.689	22.7881	23.1178	21.4306	20.3721	22.0787	20.5237	20.9822	21.0829	19.841	21.414	21.0363	19.695	19.3271	19.8562	19.4421	20.0914	19.7014	19.0144	20.2093	19.7863	19.0254	19.8788	
23.7769	24.0888	23.0447	22.0578	21.7821	22.9969	23.6272	22.4806	22.3739	20.7328	20.0825	21.9627	20.9162	21.5055	20.4565	20.2078	20.6728	19.6545	19.7291	19.4347	18.7308	19.3275	19.7602	19.3664	18.4525	19.0275	18.8003	19.0653	19.4695	
22.8895	22.9986	22.5148	22.2859	21.0668	20.9479	20.8688	21.5043	20.1061	20.696	21.4297	20.6339	20.0785	19.878	19.7985	19.5275	20.4885	19.0616	19.0659	19.2865	19.1702	19.9821	19.2477	18.7552	19.6601	18.7546	19.0107	19.5116	18.7003	
