scan_block_params 100 1000 | tee 100-1000.dat
16.1521 16.5155 16.273  17.4    16.2534 16.3609 16.2829 16.1312 15.6933 14.6672 14.2555 14.2178 14.3853 14.0297 13.9284 14.5717 14.3016      14.0613 13.8024 14.0758 13.8244 15.0354 13.8798 13.9091 15.0058 13.7272 13.5677 13.2596 13.5016
16.0914 17.1302 15.0253 15.2032 14.7824 14.5246 15.9759 14.3704 14.3811 14.665  15.3556 13.8909 13.8546 13.8334 14.4193 13.7187 13.6828      13.9505 13.3869 13.3578 13.5106 13.4951 13.9229 14.4129 13.2693 13.767  12.8509 13.4326 13.5774
14.8062 14.7439 14.9647 14.375  14.4592 14.4144 14.4147 14.1223 12.6901 13.6851 13.952  13.0768 13.9511 13.8527 13.841  13.7366 13.5459      13.3659 12.9435 13.9358 13.571  13.4554 13.0218 12.6218 13.9326 15.0756 13.2998 13.3792 13.4356
17.0832 15.9762 14.7737 15.0562 14.866  14.1695 14.1295 14.6873 13.5748 14.229  13.5704 15.0652 13.2699 13.2104 14.1961 13.4767 13.4493      13.1367 12.7258 13.6675 13.6512 13.3534 13.236  13.76   12.6841 12.4529 13.7548 13.9894 13.4322
15.1254 14.9912 14.0641 13.9926 15.3108 13.9409 13.6598 13.7372 13.4059 13.822  13.3534 13.9232 13.394  13.2492 12.8718 13.5207 13.7663      12.5426 12.9371 12.5527 12.5287 14.2621 13.7831 13.2753 13.1684 12.7978 12.8972 12.6061 12.5872
14.6152 14.2958 14.9485 15.0376 13.5188 13.5546 13.7333 13.8537 13.2982 12.6001 13.4953 12.6096 10.0739 13.5879 13.192  12.5525 12.5316      12.2288 11.9251 13.4553 14.0655 12.7169 12.3809 12.0493 12.2311 11.9401 11.7072 11.4172 11.1422
16.0694 14.3124 13.9285 13.7671 13.8048 13.585  13.3675 13.3559 13.3495 13.2601 13.2015 13.3957 12.814  12.6253 12.4064 12.2985 12.747       13.13   12.8108 12.3171 12.2968 12.2023 11.6254 11.3898 11.3309 13.33   13.9122 12.8266 12.9192
14.4675 13.796  13.9843 13.5613 13.4262 13.6121 12.6883 13.1922 12.6598 12.4442 13.1664 12.5302 12.0845 11.9179 13.3138 12.987  12.4898      12.3036 11.7792 11.7751 10.5528 11.2083 10.9589 13.0713 12.7044 12.6488 11.5637 11.6131 11.9249
15.0777 14.6333 15.0875 14.2165 14.0195 14.0274 13.4342 15.4238 13.1347 13.19   12.6597 13.8471 13.0078 13.9399 12.6446 12.2582 12.0945      11.511  11.8281 14.2735 12.7776 12.8039 12.8252 12.5653 12.3155 12.0593 11.7152 11.4994 11.2227
14.4843 14.0354 13.2429 13.8209 13.772  13.144  12.7923 13.3875 12.6443 12.1616 11.6826 13.3596 12.3136 12.0946 11.8838 11.4648 11.7508      10.9467 11.2708 12.3307 12.39   11.22   11.7736 11.6674 11.4318 11.1947 10.9958 10.7079 10.5204
13.4642 14.5626 14.1658 13.2175 13.1946 12.5033 13.5347 12.9459 12.4707 11.64   12.8124 12.4416 12.0831 12.0129 11.5774 11.0387 12.9467      12.7721 12.4509 12.1065 11.9055 11.3739 11.3691 10.8969 10.7155 10.7634 10.5538 9.76526 10.1413
15.7399 15.9883 14.1017 14.3587 12.733  13.9585 13.7649 12.5334 13.7912 12.8529 12.6045 12.1757 11.6147 11.7747 14.3255 12.9476 12.3255      12.3321 11.8697 11.4375 10.9816 10.8932 10.9517 10.5838 10.0652 9.72161 9.68442 9.74687 9.82953
13.858  15.318  13.3152 13.8232 12.283  13.2889 13.0629 11.7464 13.1046 13.0268 11.7069 11.5155 11.1063 11.0892 12.6346 11.9785 11.4729      11.7861 11.3542 11.026  10.5129 10.4089 10.4093 10.0859 9.77801 10.2551 9.59297 9.2099  9.36187
13.8642 13.8278 14.735  12.9231 13.1686 12.8635 12.1197 12.8518 12.3313 11.2695 11.6555 11.0163 13.9234 12.6881 13.007  12.1527 11.6328      11.6835 10.9124 10.0998 10.5107 10.1246 9.8146  9.6608  9.76174 9.66437 8.86444 8.63001 12.6093
13.8141 13.0534 12.9585 12.8359 12.5995 12.1846 12.3865 12.5291 12.1974 10.8825 11.1931 10.7703 12.2085 12.127  11.6943 10.5731 11.0859      10.8632 10.0219 10.1995 10.0366 9.3357  9.51637 9.33292 9.12911 9.09892 8.52389 8.3784  12.0945
14.2065 13.9469 13.5483 13.6989 13.3458 13.0331 12.7132 11.6808 11.7292 11.5283 13.646  12.2887 11.9593 12.0701 11.6716 11.198  10.8083      10.4182 10.3033 9.81429 9.74054 9.46898 9.3671  12.6048 12.5403 12.351  12.1283 12.0093 11.5631
15.0047 13.2322 12.7595 12.9337 12.198  12.879  11.9506 11.7815 11.2308 10.482  12.3937 12.1173 11.8514 11.0249 11.2689 10.0637 10.3214      9.51561 9.95677 9.52638 9.45787 9.08456 8.43345 12.4883 12.0527 11.8051 11.6813 11.4575 11.2972
14.8248 13.0388 12.7013 12.5772 11.9197 12.6547 12.1903 11.136  10.3685 10.6487 12.1045 11.456  11.2142 11.0731 10.6452 10.3571 10.0029      9.65836 9.32235 9.0764  8.49824 8.55047 8.52579 11.845  11.8425 11.582  11.0422 11.2575 10.783
14.5267 14.6972 13.7674 13.213  13.3621 12.725  12.5365 13.9583 13.3384 12.5295 11.7698 11.3162 11.3989 11.0258 10.8324 9.56056 9.60915      9.55792 9.75933 12.4989 12.238  12.0829 10.6002 10.8356 11.3043 11.388  10.8655 10.947  11.3347
13.8291 13.4807 12.5173 12.6845 13.3821 12.137  11.5131 13.2298 12.6776 11.6386 11.2532 10.9086 10.5982 10.5488 10.2922 9.81521 9.52926      8.64951 9.74272 12.3422 12.0039 11.8332 11.6937 11.2527 11.1505 10.7423 9.99883 10.0991 10.4304
13.7279 12.6369 12.9058 13.2709 12.6569 11.821  11.2045 12.8761 12.3003 10.8643 11.0038 10.5761 10.5953 9.75336 9.29923 9.51016 9.21566      8.84955 9.02485 11.6467 10.3899 10.3387 11.1463 11.1836 10.6322 10.4013 9.95405 10.3709 10.0837
13.4813 12.446  12.6013 11.2444 12.408  11.729  10.9037 12.6147 12.7925 11.3207 11.2101 10.4847 10.3317 9.95487 9.4388  9.13519 8.84272      8.25637 8.32839 11.5543 10.6817 11.2231 10.84   10.8455 10.5383 9.15684 8.84246 9.61494 9.91701
12.9006 12.4508 12.3492 11.5442 11.8634 11.3119 10.57   12.1847 11.5879 11.217  10.5443 10.1094 10.0007 9.79315 9.38244 8.94874 8.63656      7.95291 8.45015 11.3103 10.8926 10.8246 10.4852 10.383  10.0602 9.99159 9.84006 9.33813 9.07499
13.9602 13.4971 14.2891 12.7535 12.215  13.9285 12.7111 12.2424 11.8377 10.7293 10.2478 10.6522 9.71305 9.62461 14.0467 12.7454 12.2654      11.6373 11.4481 10.6648 11.122  10.0931 9.82666 9.23846 9.95595 9.71817 9.45699 9.55478 9.16189
13.8228 12.8791 14.0461 12.4344 11.7969 13.9998 12.9154 11.966  11.4204 10.2709 10.2054 9.79734 9.633   9.40671 12.7198 12.2332 11.7053      11.4207 11.1304 10.6526 10.2722 10.7321 9.80018 9.91325 9.81432 9.68163 9.36853 9.49872 8.79572
13.5518 12.9048 13.6935 12.0829 11.559  13.4282 11.8274 11.6581 10.5352 10.0446 9.94568 9.82509 9.45742 9.19557 12.3289 11.9393 11.7613      11.271  10.9859 10.9564 10.3636 9.72633 9.50207 9.71643 9.46148 9.13816 9.22813 8.65446 8.76817
13.1072 12.5267 13.1244 11.5687 11.1582 13.9597 11.5024 11.1242 10.3351 9.75717 9.32862 9.35899 8.68012 8.87354 12.1251 11.6967 11.9549      11.6981 10.7031 10.3402 10.0712 9.51365 9.26211 9.06389 8.92152 9.14457 9.05733 8.72861 8.53281
12.6706 11.9399 13.6559 11.5204 10.8551 12.9513 11.6859 11.1296 8.40999 9.88043 9.8544  9.19567 9.02164 9.0808  11.203  10.8845 10.6182      10.077  9.5153  10.5033 9.46971 9.8191  8.83725 8.93758 9.11227 8.75638 8.3957  8.20911 8.12193
12.7496 12.3948 12.769  11.3188 10.508  11.7661 11.0697 10.2539 10.1961 9.79624 9.23166 8.84305 8.77409 8.4682  11.7208 10.9207 10.4754      10.1829 10.0447 10.1697 9.57354 9.22121 9.15926 8.82544 8.84705 8.24144 8.52855 8.37625 8.11167
12.2137 11.8563 12.5638 11.109  10.3787 12.3175 10.4945 10.651  10.0822 9.49684 9.07902 8.23625 8.28094 8.01206 11.497  11.2337 10.0742      10.1697 9.85213 9.59412 8.97966 9.22536 8.63563 8.47953 8.34022 8.18208 8.05995 8.09956 7.85905
12.135  11.8165 12.2462 10.1512 9.92647 12.2524 10.8465 10.7922 10.1468 9.26766 8.47355 8.03557 8.05105 8.00608 11.2528 10.7594 9.94389      9.51598 9.88013 9.93932 8.96461 8.43502 8.74    8.29283 8.56425 8.31031 7.85197 7.99157 7.67097
scan_block_params 200 2000 | tee 200-2000.dat
22.2934 22.2398 22.2028 20.7676 20.7038 22.8461 22.1323 24.0042 22.7259 22.3703 19.7017 22.9861 22.3203 21.5912 21.1133 22.2686 20.1349      21.5363 19.5272 19.1078 19.6582 20.0542 19.7341 18.8036 17.4894 18.3088 18.1677 18.0801 18.3156
20.7828 22.7557 21.5343 21.8557 21.4964 20.2175 21.4656 21.4555 21.7152 21.6599 21.4484 20.4756 20.3425 19.3572 19.1561 17.8147 16.7858      17.6774 17.6798 17.912  16.9171 17.8131 17.2262 16.4567 17.4524 16.5006 17.8947 16.5986 17.0183
23.0887 23.2996 20.2957 21.5638 20.7825 21.7328 18.8847 19.372  18.8511 19.7674 17.7606 17.9032 19.2922 17.3574 18.4892 18.378  17.263       17.9663 17.0088 19.1418 17.0041 17.8866 17.8929 16.7233 17.333  17.4819 19.0892 16.4936 16.8914
20.7935 21.354  18.7678 21.6037 19.5292 19.4427 18.4868 20.4139 18.6373 20.0971 18.1597 18.2009 18.5083 19.155  19.0346 17.8045 16.5214      17.8381 16.4557 18.1012 16.6586 17.2281 17.2362 16.9284 17.4452 17.4268 16.9805 16.4868 16.2407
19.9525 19.1623 19.8331 19.9407 19.0193 18.0598 19.4092 19.762  18.2568 16.217  18.2068 17.9037 16.8349 17.8431 17.7467 17.1405 16.6008      17.0642 16.4463 17.9668 17.4434 17.4382 17.0776 16.6726 16.4011 16.7812 18.2885 16.5654 16.881
19.263  19.3923 17.5717 18.6621 18.9686 17.0374 18.0019 18.5243 18.593  18.2916 18.4466 18.549  16.7522 16.6664 18.1202 16.4011 16.4828      17.4522 17.0804 17.4521 16.1628 17.5666 17.4671 17.7453 16.6622 16.482  16.8924 16.4922 16.9147
21.476  21.7722 17.7965 19.0496 18.3377 19.5247 18.3019 16.9599 18.3701 18.2849 19.0414 16.8572 17.9067 18.1621 18.0966 17.5197 17.8861      16.2687 18.7899 17.306  16.4439 18.687  17.0988 16.1634 17.3282 16.9681 17.1452 16.4418 16.7439
17.213  15.9958 18.57   19.1395 16.352  17.6922 18.1059 16.6629 17.0784 17.0174 16.0552 17.1461 17.3995 17.5535 16.458  17.7334 15.8342      17.8264 16.4323 16.2233 16.3574 16.2277 15.9931 15.8804 16.2303 17.1496 16.7382 15.9078 16.4573
20.6018 20.1695 18.6029 18.7187 19.8891 18.5358 18.7968 18.7294 17.9176 16.8551 17.1063 17.3844 16.9263 17.5306 16.3113 17.555  17.1599      17.1548 16.2224 17.3323 17.1041 17.787  18.2333 16.06   16.8831 15.8441 16.6716 16.794  16.2301
17.6698 18.0071 17.264  18.2743 17.9766 17.778  16.87   17.5721 17.1291 16.3571 17.0751 16.7377 17.6713 16.7269 16.0257 16.1635 15.0172      15.6213 17.4889 16.3323 16.9463 17.1662 16.011  15.9248 17.3238 17.5206 15.506  15.3613 14.7404
18.7059 17.7357 19.1195 18.0084 17.0397 18.3346 17.9599 18.1257 16.7196 16.5199 16.2868 17.9453 18.2811 16.9683 16.058  18.1248 16.83
        16.5173 18.2427 16.7247 16.1501 17.3737 16.1562 16.7317 16.9732 16.9491 17.4156 15.9886 15.8363
19.5218 20.5609 19.0077 20.0194 17.5504 16.772  18.6711 17.0889 17.9958 16.3426 17.703  16.4401 16.6037 15.7754 17.5446 16.2632 15.7094      15.8396 16.2815 15.7163 16.7194 17.0615 16.2477 15.8038 15.4009 17.0309 16.258  16.0455 15.705
17.9923 19.6079 18.4165 16.5166 19.1793 17.7004 17.7306 16.8083 17.5802 16.0849 15.9829 16.4078 16.551  17.5515 16.1692 16.9347 16.4412      15.7355 16.8556 15.6869 15.9819 15.9577 15.7104 16.1409 17.2837 15.7754 16.0568 15.1962 15.0759
19.7997 16.0358 17.0764 18.1903 16.9102 15.9795 17.9887 17.4697 17.2188 17.0301 16.9869 15.4483 16.8248 16.255  16.668  15.6364 16.289       16.7083 15.6668 15.7467 15.2874 16.5232 17.8933 14.9052 15.9966 15.2132 15.0996 17.7972 16.9623
20.1943 19.8066 18.4671 17.9761 16.5423 18.6224 16.6316 16.1436 16.2564 17.2829 16.4998 16.8024 16.3974 16.0252 16.3157 16.0384 16.5299      16.001  15.9543 16.8946 16.3555 15.965  15.0176 15.3636 15.3264 17.0843 16.5557 16.2167 15.8211
18.9054 20.6466 17.4917 20.3138 17.1144 16.8961 17.3324 16.5341 17.5308 16.9307 16.7393 16.7355 17.0147 15.5772 17.0998 15.7945 16.4666      15.8393 16.0981 16.4088 15.9898 15.7203 15.7656 16.3458 15.8953 16.701  15.5757 16.494  15.6299
20.225  18.7066 17.0106 17.479  17.6426 17.426  15.7426 16.1019 16.436  16.9411 16.1827 15.665  16.1276 15.5769 17.231  15.7409 14.4237      15.1744 17.0462 15.8342 14.6809 15.3189 14.8955 16.6007 16.8492 15.8479 14.8782 14.7144 13.6143
17.2272 18.0731 17.1199 17.877  18.9524 16.8549 17.879  17.0033 17.5609 16.1788 16.0712 16.5309 16.5166 16.7929 15.3601 15.5347 16.3009      16.8792 15.3724 15.3322 14.9692 16.3378 16.1053 15.8498 15.637  15.9009 14.1037 15.0169 13.5734
21.301  18.2035 17.9595 18.0202 18.8484 19.0376 17.2691 17.4049 16.7915 17.2385 16.8122 16.6576 16.4761 16.9953 16.7129 16.7123 15.3354      15.7838 17.6274 15.9253 16.5749 15.5908 15.1513 15.7382 14.2769 14.9656 17.0962 16.5958 16.6392
18.9399 19.8322 18.8534 17.0733 18.0991 16.3803 18.0029 18.1446 16.5424 15.8353 16.1687 17.1991 16.7893 16.2919 16.7225 15.5181 15.6331      14.9519 16.7481 15.99   16.1465 14.8254 15.5642 14.5497 14.4002 14.2171 15.8962 15.6496 15.9676
19.2564 16.9566 17.2634 15.6186 18.1421 16.9564 16.5779 15.9254 15.9815 16.2908 14.7217 16.2532 15.6733 15.7466 16.01   16.1361 15.4643      14.2341 17.4284 15.2087 14.7244 15.1168 14.8674 14.4675 13.7472 13.1853 17.0975 15.749  14.1786
16.5334 16.8742 19.4099 17.0363 18.0518 16.4352 17.0225 15.8664 15.8804 17.6023 16.7055 16.11   16.8384 16.6787 15.9507 15.3478 16.6708      16.0954 15.1608 16.7288 15.2683 14.8036 14.5106 16.0783 17.4194 14.9386 15.1864 15.1989 15.195
17.3194 16.2237 18.0306 16.1885 15.98   16.5967 16.9645 15.1247 16.456  14.6323 16.1584 16.0137 16.5304 15.1235 14.7906 14.4509 15.979       15.9759 15.5769 15.0138 14.1558 14.3792 13.9735 15.9963 14.7846 15.6443 15.1037 14.4135 13.9136
19.9722 18.7811 19.387  19.139  16.5467 18.4753 18.7697 17.466  16.4255 17.0992 15.7411 17.2226 15.5754 15.4846 17.005  15.7625 16.4295      16.7433 14.6215 15.0871 17.8253 16.8227 15.9549 14.9156 15.2756 15.4266 14.703  14.7338 14.1098
20.0216 19.1706 17.5001 21.1189 17.6231 16.3291 18.1501 16.0288 17.6446 15.5342 16.271  15.8103 15.7523 14.9486 16.8312 15.1831 14.7953      14.5535 15.14   15.0646 16.8239 16.3023 15.2299 16.2414 14.2365 15.2892 14.0324 14.4116 13.1908
17.3794 19.1613 18.3482 19.1373 16.8633 16.6454 18.8499 15.5003 15.6866 14.8894 15.9085 15.7805 14.1692 15.625  15.5098 16.0081 14.5827      14.2892 14.0576 13.3208 15.3469 14.954  14.8791 14.7676 14.572  14.074  14.0761 13.7834 13.5802
18.3058 17.3218 18.2443 17.5257 17.3322 17.3266 16.2386 14.3781 15.9747 15.9113 14.9351 14.5112 14.9656 14.5797 16.1452 15.9374 15.4988      13.7252 13.9967 14.1872 16.3865 14.7046 14.2897 13.8272 14.0536 13.1723 13.5662 13.2666 12.9028
20.0618 19.8229 17.6102 17.3806 17.8435 17.5989 16.8878 16.1253 15.6741 15.8835 16.6712 14.8212 16.1644 16.1185 15.1286 14.2615 14.1302      15.7386 16.3036 14.8178 15.7427 15.3788 14.0422 13.7812 14.2769 13.5065 13.203  16.5927 16.7919
17.7358 17.2045 19.189  18.0897 17.7551 17.761  16.6092 16.39   15.1851 16.7078 15.0924 15.2737 16.6112 15.8336 14.7448 14.0213 13.9043      15.6759 15.6376 14.8707 14.1394 15.0979 14.6903 14.571  13.4556 12.8373 13.1527 15.1828 15.68
17.5014 16.8996 16.6063 17.6553 15.9961 15.3949 15.5409 15.7229 15.9573 16.5688 14.5736 15.0937 16.8916 14.5544 14.2829 14.1423 13.8503      15.8427 15.5088 14.34   14.3301 14.4975 13.9342 13.2923 12.877  13.91   13.3967 16.8124 15.7521
18.6558 17.1482 16.2628 17.2331 16.6156 15.1609 15.7029 15.6846 15.2346 15.4089 15.2025 14.6412 14.5497 14.3205 15.0871 14.5497 13.6518      16.6672 15.0938 14.5353 13.9226 13.2214 12.7646 13.7307 12.597  13.2494 12.2695 14.9634 15.195
scan_block_params 300 3000 | tee 300-3000.dat
22.192  20.6073 22.5899 23.0773 23.106  22.9976 21.0666 23.5903 23.1841 23      22.6501 22.9387 22.264  23.0286 22.8949 23.2827 21.3833      22.5548 22.6885 22.5031 22.1009 20.6378 21.13   22.0517 22.3022 22.5557 20.4115 22.8859 20.0991
20.2927 22.8945 23.331  23.4422 21.2576 21.3213 23.9577 23.2917 23.0559 23.3403 23.3459 20.5335 22.7245 23.2383 23.162  20.4951 22.5237      21.1896 20.7474 21.5935 19.182  19.476  18.73   19.1292 19.8067 17.9464 19.7259 17.8668 19.4623
21.4643 22.1092 21.8505 21.1271 18.1654 20.5387 19.8351 19.2433 18.8477 19.2968 19.2845 18.0691 18.7528 17.3225 18.3111 18.9114 18.7384      17.7089 17.3163 18.0311 18.7896 17.3538 18.9257 17.9786 17.046  17.8163 18.4987 18.1587 17.7535
22.5113 22.2669 22.4021 22.4348 22.9032 22.6358 22.0061 22.797  20.1959 21.5663 21.4171 20.8568 19.8624 20.2439 19.5951 17.958  19.4586      19.3117 18.9511 18.7795 18.4536 17.2748 18.7217 17.8168 17.1922 18.4763 17.7265 17.7478 18.5824
21.8123 22.9694 22.5169 22.6932 20.6402 19.804  21.3794 20.9383 19.7742 20.0115 18.8026 18.1398 18.2878 18.9593 17.7908 17.6909 17.8629      18.864  18.7872 18.4265 18.6566 19.0088 18.6474 18.3456 18.9376 18.3591 18.5354 17.2584 17.984
21.7437 22.3788 21.6717 21.5862 20.7017 20.5362 20.8053 20.1701 18.8095 20.1555 19.2034 17.751  19.1913 19.0195 19.6531 18.6119 18.5507      17.405  17.0437 18.3676 17.9301 16.9578 18.8062 17.5004 17.3916 17.8338 17.5459 16.6704 16.8598
17.9476 18.0907 19.7217 19.0896 19.1736 18.7864 18.0861 19.0592 19.0899 19.1946 18.5871 17.9776 19.111  18.5795 18.5783 17.9137 18.201       18.1328 18.0032 17.3147 18.6597 18.2158 18.0174 17.9375 17.901  16.8777 18.272  18.4043 18.5499
21.6004 19.9726 19.6332 21.9279 20.7948 18.0551 19.3522 18.686  19.6237 17.8838 18.8404 18.7099 18.9731 18.55   18.5428 18.2368 18.2038      18.1072 18.0972 17.2314 18.0651 18.9789 17.7058 18.5431 18.1784 17.7996 17.4965 16.8627 18.0215
19.3921 21.2673 19.2938 18.6456 18.4251 20.3077 19.0669 19.8593 19.7131 19.569  17.6567 18.7824 19.0343 18.98   17.6417 18.5649 18.3548      18.9433 18.6715 17.9729 17.0988 18.304  18.4622 18.5365 17.936  17.5326 18.4281 18.315  17.902
20.336  20.9247 18.9568 20.3397 20.1811 19.9141 18.8824 17.9138 18.3431 18.0531 18.0628 17.9413 18.916  17.0796 17.9168 18.0207 17.8821      18.1636 18.2236 16.9702 17.3927 17.6519 16.922  17.8571 17.2816 17.7141 16.5561 17.4826 16.4296
20.0983 21.7062 21.2146 20.6305 19.619  18.5554 17.8756 17.9693 17.7285 18.963  17.7959 18.7039 18.8348 18.7085 16.9626 18.4709 18.3155      18.1299 18.4337 18.0686 17.6837 16.6506 18.1789 16.7565 17.8764 17.8624 18.4205 18.2151 16.973
19.6059 18.9698 18.0505 19.3392 19.5328 17.9599 18.7769 18.7795 17.8925 17.0678 16.695  18.7311 17.9191 17.9385 17.6106 16.1851 18.066       16.9656 17.4552 17.9813 16.3139 18.0365 17.2577 17.7699 17.0687 17.0611 16.7621 17.597  16.9833
20.68   18.3241 20.4154 20.2318 18.1378 18.4184 18.4365 18.8262 18.8722 18.1521 18.4445 17.9484 18.3112 17.2602 18.3575 18.157  17.7249      16.6436 17.6098 17.2792 17.7222 17.5711 17.4401 17.4424 17.3154 16.9548 17.5441 16.9272 17.2462
21.2257 20.3786 21.1359 20.9833 20.9861 19.6373 18.524  20.562  18.935  18.5654 18.8531 18.8009 18.1413 17.0073 18.7569 18.4419 16.6653      18.2093 18.6305 17.8565 17.2959 16.7534 17.6149 18.0975 17.1913 17.6605 17.5621 16.5995 16.8918
20.6375 17.3147 19.8961 19.4899 19.5024 17.9583 18.0661 18.5029 18.7687 18.0131 17.2742 18.308  18.0713 18.0756 18.2921 17.8509 18.0668      17.0093 17.7772 16.9087 17.6857 18.6783 17.3816 16.2578 17.9678 16.7801 17.4221 16.2139 18.3979
20.2008 19.6737 19.0527 19.3732 17.5161 19.6324 17.8117 18.5767 18.4538 17.3389 18.7124 17.2798 18.098  17.3058 16.7286 18.2043 18.2438      17.5834 16.4022 17.6035 17.2314 17.4215 16.1348 17.6895 17.2998 17.4877 17.985  17.6116 17.7184
20.7482 19.6362 19.2485 20.2255 19.4754 18.14   17.5268 17.8912 18.3043 18.3628 18.0825 17.2248 16.9081 18.2904 17.7214 17.8919 16.318       16.3517 17.667  16.7128 17.4949 18.1355 16.5017 17.0965 17.4451 16.4899 16.843  15.8152 17.1001
18.5415 21.0399 20.404  20.0142 19.5367 19.4885 20.7919 19.2733 18.4825 17.4493 17.7344 17.9374 18.3496 18.1709 17.8682 17.7458 17.7244      18.1292 17.7844 17.4163 18.0855 17.6169 17.1509 18.1195 17.271  17.2271 16.2429 18.0774 17.6731
19.0363 18.3355 20.4435 19.9989 18.0896 19.1632 18.0214 18.9906 18.7606 17.5259 17.8245 18.3029 18.1526 18.2225 18.4983 17.9221 17.6774      17.3595 18.0362 17.2069 17.4466 17.9953 17.682  17.7088 17.5358 16.9106 16.6981 16.3241 16.937
17.1967 17.6104 20.217  19.272  17.8956 18.6473 17.8856 18.4111 18.3369 17.9008 17.6045 17.869  17.0999 17.5909 18.1066 17.604  17.0308      17.0782 16.6094 17.2063 17.2086 17.8351 16.1805 16.6745 15.617  17.8056 17.0889 17.2239 16.3135
19.2584 19.9112 19.1022 19.1121 20.0473 17.7869 18.6103 18.5338 18.861  18.2025 16.9088 16.8599 17.8467 18.0545 16.6347 17.7187 17.161       17.6264 17.6671 17.3971 17.2962 17.0812 17.0761 16.9527 16.1971 16.353  16.0561 17.363  17.6235
20.2418 19.1015 18.4184 18.6765 19.0684 18.1946 18.0725 17.1153 17.693  17.9055 17.4999 17.2662 17.0813 16.9195 17.0006 17.083  16.5266      17.0542 16.7181 15.9885 16.5454 15.9177 16.1598 16.6771 16.6157 16.3487 15.557  17.1332 15.8783
19.8031 20.2218 18.609  19.8046 18.8508 19.0761 18.425  17.2658 17.8348 16.9637 17.7281 17.031  17.8857 17.8323 16.3165 16.1997 17.4227      16.8964 16.488  17.27   16.7503 17.7589 17.4598 16.6927 16.4408 17.7098 17.1328 16.7703 16.2273
20.2129 19.7939 21.3696 19.7803 18.8723 18.5755 18.8246 18.6194 17.8139 18.9998 18.0641 18.4191 17.9453 16.8825 17.1981 17.5461 17.2428      17.523  17.0634 18.3603 17.5671 17.0408 16.6371 17.8778 17.456  16.9271 17.1253 16.0148 18.1876
19.4132 19.3867 20.4832 18.5073 18.9828 18.668  17.2864 18.1861 17.774  18.4835 17.6238 17.507  18.1907 16.9093 17.9338 17.1074 17.6433      16.8655 16.6441 17.4376 16.3492 16.3139 15.7019 17.3936 16.7432 16.5211 16.4522 16.2185 17.5749
18.8849 19.0488 19.768  18.1383 18.3591 18.1609 18.0461 17.6037 17.1784 17.6113 16.1919 17.2309 16.9503 16.6109 17.1261 16.4288 17.0573      16.0931 16.1301 16.4587 16.6103 15.9807 15.3631 16.9617 15.8064 16.4773 16.1735 15.2119 15.9661
19.1376 20.6171 19.3956 19.6834 18.7195 18.5724 17.175  17.2879 17.671  17.8038 16.7169 17.5578 17.4306 16.6222 16.5557 17.5664 16.9035      17.5619 16.0494 16.3442 16.6947 17.1416 17.3697 16.1872 16.3571 16.2388 17.7877 17.2021 16.1706
19.6509 18.5777 17.6681 18.8117 18.8025 18.3832 16.8088 17.4818 16.5274 16.9891 16.9451 17.1414 17.1011 17.0794 16.4755 16.8009 16.8431      16.7849 16.8476 16.5447 15.6575 16.4843 16.6587 16.1118 15.6887 15.8726 17.2383 16.7285 16.3228
21.5721 20.3049 20.9963 19.4624 19.3686 18.5491 17.793  18.6407 18.5975 17.1545 17.8024 17.9522 17.734  18.1595 17.4067 18.2159 17.3224      16.9112 17.5446 16.9444 17.1746 15.556  16.9938 18.0067 17.4801 16.9317 16.8761 15.2272 15.0428
20.6167 18.8064 20.1261 19.2718 18.2537 17.7363 18.037  18.78   18.7507 16.4888 16.6264 16.9959 17.2201 16.526  16.784  16.6648 16.9319      16.3952 16.9772 16.209  15.6966 16.61   16.146  17.114  16.7315 16.8589 16.5935 15.4535 15.1177
18.5244 17.8543 18.4686 18.598  17.9163 18.2336 16.6889 18.6436 18.5246 16.6928 17.1063 17.1034 16.4418 16.8754 16.7296 17.445  16.6192      16.1145 15.5664 16.6285 15.3292 16.3561 15.2018 16.7944 16.4762 16.7622 16.1733 15.7332 15.4198
scan_block_params 400 4000 | tee 400-4000.dat
24.7232 24.4743 25.6222 25.0477 26.0121 25.3504 26.8864 26.0493 25.8057 25.6414 25.6748 26.2002 25.6406 26.5284 27.3066 26.452  26.4149      26.3852 25.8094 25.1227 25.7741 25.6704 24.7019 24.6919 25.0312 24.4887 23.8539 24.2985 24.1686
24.0488 26.1341 25.8884 25.2323 25.7449 26.3145 25.5882 26.4063 26.0695 25.9057 25.3855 25.7275 25.8969 25.2133 26.8179 26.2879 26.0899      25.9601 25.3094 25.6284 25.6765 26.2199 24.5362 26.699  25.069  23.4916 24.2139 23.0997 22.7384
24.1155 25.3557 25.5123 27.0079 25.133  25.7133 25.9711 25.648  25.5108 25.9645 25.3123 25.6874 25.3703 25.6118 25.658  23.7639 24.8154      24.3458 24.2972 24.6211 23.8168 23.7424 22.5458 22.5468 21.9426 21.5377 21.4811 22.2712 21.1372
26.38   25.7426 25.1806 25.3287 25.6261 25.2531 25.46   25.6879 25.1215 26.156  24.6166 24.7921 24.0189 23.5951 23.2595 23.4056 22.6218      22.9233 22.6282 22.1227 21.0248 21.3046 21.2863 20.9345 20.5722 20.4122 20.6697 20.1173 20.3274
24.6595 24.2489 23.9734 24.3164 23.5255 24.2156 24.3922 24.5255 24.097  24.1275 23.8565 23.8013 23.2785 22.5916 21.9589 22.5668 21.4988      21.3786 21.0479 22.1279 20.6535 20.6905 21.5353 20.4945 20.508  20.5966 20.0785 20.2221 20.7748
23.5844 24.4253 24.7634 24.0525 24.0083 25.1448 21.7902 21.1379 22.5422 21.1922 20.7173 20.8845 20.4871 21.1171 20.1199 21.1243 20.1574      20.2259 20.1689 20.2941 19.9921 19.8416 20.2728 19.8232 19.8007 20.2758 19.8978 19.8737 20.0407
24.1992 24.8209 23.8386 23.9947 24.1241 24.0186 24.9435 23.4887 20.6906 21.9438 21.9884 21.0864 22.121  21.0416 21.2925 21.0903 21.1917      21.1572 20.7879 20.5506 20.1012 20.4343 20.0535 20.4667 19.9653 20.6223 20.03   20.0582 19.8355
23.9925 24.29   25.6533 24.7708 24.3712 23.3577 22.4053 21.4107 20.9887 20.63   19.9934 21.3603 19.3311 19.7736 20.972  19.8616 19.6155      19.7711 19.8646 19.894  19.6463 19.2536 19.5162 19.9595 19.7243 19.4821 19.3091 20.5677 20.6445
23.5214 23.0706 25.1484 23.283  23.246  23.6385 22.2716 22.0869 21.4366 22.4709 21.5416 21.083  20.9746 20.7398 20.9439 20.787  20.9599      19.9562 20.6911 19.9035 20.0337 20.8822 20.5523 19.9871 19.8957 19.5064 19.8316 20.0029 19.9388
23.2721 22.5543 23.3169 23.9232 22.6038 22.934  22.3508 21.831  20.7994 20.8584 20.9834 20.4941 19.9992 20.4144 19.652  19.5268 20.9825      19.8576 19.8049 19.0762 19.7919 20.5362 19.3569 19.5521 19.3831 19.1066 20.0604 19.6559 19.422
23.1618 22.868  22.7542 22.9073 20.9707 23.271  20.6688 21.0618 20.8862 21.374  20.6679 20.763  20.6151 20.1111 20.3212 19.9212 19.5432      20.0731 19.861  20.1453 19.5381 19.8246 20.4885 19.0781 20.148  19.2268 19.5556 19.6229 19.2675
23.8681 22.0241 21.6051 20.8932 23.4507 21.7695 22.4753 22.6447 21.1038 21.8757 20.6657 20.6566 20.7081 20.3902 19.983  20.1971 20.0559      20.0552 20.1707 20.5845 19.6048 21.1785 19.6239 19.34   19.2917 20.2039 19.4773 19.8655 19.9861
22.8434 22.9747 23.168  22.3845 22.1866 21.2188 20.8348 21.183  20.6163 20.7455 20.3407 20.5729 20.2248 20.0793 21.0936 19.7361 20.0525      19.5521 19.6029 19.6269 19.3969 19.461  19.3347 19.2784 19.3141 19.4726 19.3803 19.2211 19.6317
22.8102 22.0604 22.7447 22.0823 21.6945 21.5304 20.2195 21.2767 21.4512 20.73   20.7177 20.1667 20.084  20.0983 20.6168 19.7684 19.499       19.7895 19.6247 19.3765 19.6529 19.5583 19.6274 19.4325 19.4298 19.1381 19.8258 19.4224 19.4167
22.7504 23.1724 22.0718 22.5529 22.3608 21.4269 21.6069 21.0624 20.3676 20.2735 20.2803 20.5178 20.1569 20.3201 19.9631 20.7165 20.9787      19.5585 19.715  19.5386 19.4893 20.3038 20.4594 19.5586 19.4817 19.456  19.7539 20.2632 19.4485
23.194  23.1454 22.4221 22.0846 21.2011 22.7174 21.7488 20.9171 22.4908 20.859  21.6131 21.418  20.2359 20.6725 19.5682 19.4529 20.56
        20.0108 19.4521 19.4793 19.187  19.2942 19.1716 19.2011 19.3689 19.7238 19.0217 19.135  18.8759
20.9513 19.999  22.3753 21.2247 19.6347 20.9105 19.2018 20.9563 20.872  21.1283 20.0737 19.6267 19.5327 20.826  19.551  20.0791 19.071       19.4891 19.1985 19.3243 19.0139 19.8337 19.3512 19.2825 19.3057 19.1166 19.0672 18.6547 18.9056
22.52   22.6858 21.7931 21.1966 21.1169 22.5076 20.2792 20.8793 20.973  21.1967 19.898  19.619  19.3968 20.0295 18.8343 18.7913 18.9128      18.743  18.8705 19.6195 18.7565 19.2222 19.0145 18.5394 18.7283 18.4988 19.1956 19.1078 18.8074
23.0525 23.0763 21.5926 22.5614 22.1617 23.0462 22.3528 22.7711 20.7014 22.6117 21.4094 20.0325 21.466  19.8836 19.6527 19.8247 19.9028      19.6648 20.4091 19.202  19.3652 19.5611 18.947  19.5289 19.0855 19.0333 19.8567 18.8776 19.8493
21.9881 22.1337 20.8862 21.4228 21.2824 22.2631 22.5992 21.8701 19.5792 22.2549 20.1696 20.371  20.2761 18.9553 19.1372 19.116  18.9058      20.2723 19.4962 18.5498 18.8725 19.1369 18.281  18.7148 18.3385 18.7295 18.8501 18.5509 19.3054
22.353  21.8618 22.9551 21.1084 21.3062 20.3812 20.2797 20.1259 19.6302 19.7835 19.4295 19.4285 19.1382 19.679  19.5486 18.9363 18.6734      19.1991 18.5406 18.9403 19.0648 19.1801 18.6191 18.4635 18.807  18.5062 18.1327 18.8169 18.4053
23.0476 22.0872 22.2214 21.3481 21.0104 22.2361 20.0661 20.0651 20.5522 20.2458 20.0121 20.0365 19.792  19.6994 18.9946 19.0104 19.72
        19.2161 18.7652 19.2586 19.0831 18.8707 18.7218 19.0791 18.5954 18.9113 18.6624 18.4444 19.1972
21.3292 21.8452 21.5694 21.3108 20.8319 21.3447 20.7618 20.7226 20.4426 20.1456 19.4279 19.6625 19.5962 19.0817 19.4622 19.1762 20.195       18.8187 18.8412 19.1222 20.1566 19.3071 18.7162 18.4627 18.8358 18.4886 19.1776 18.8338 19.8201
23.8972 23.1989 22.9597 21.9507 22.42   21.4439 23.2214 20.075  20.8288 20.0339 21.2689 20.0195 19.8506 19.697  19.5268 19.6667 20.2931      19.6022 19.3452 19.0614 19.2029 18.9939 19.3465 19.1144 19.4335 19.223  19.0056 18.4423 19.1961
22.7634 23.4385 22.4286 21.3767 21.5346 20.4581 21.9866 19.4511 19.8621 18.8304 20.7436 19.4926 19.9999 19.1086 19.0871 18.8893 19.6984      18.7366 18.9304 18.3748 18.7004 18.6342 18.6841 18.8812 19.2107 18.5897 17.9955 17.9545 18.6311
22.4153 22.8752 21.7771 22.6732 21.2251 20.3939 20.9093 20.5955 20.1624 20.5415 19.6404 20.8098 20.0634 19.3556 19.1429 19.1618 19.2836      19.0703 19.736  19.1762 20.5347 19.1941 18.6043 19.8114 18.8277 18.5248 19.8697 18.7982 19.2653
21.5774 21.9537 22.2738 20.4353 21.2715 20.1942 20.1814 19.8629 19.5781 19.4629 19.242  19.0202 18.7998 18.7162 19.5363 19.3962 18.6564      18.5059 18.8844 18.5176 18.5492 19.3564 17.6612 19.0438 18.3051 17.8604 18.308  18.4908 18.597
21.8598 22.9946 23.4216 21.4085 21.344  20.8786 20.1487 20.3008 20.143  20.2852 19.3999 19.4104 20.6929 19.304  19.1726 20.1982 19.0252      18.7003 18.9978 19.0902 18.913  18.9694 18.5544 18.5064 20.0745 18.5123 18.2618 19.6737 18.7287
22.248  22.068  23.0041 20.4667 20.324  19.9577 19.0295 20.0256 19.5877 19.5112 19.8839 19.4452 18.9028 18.7401 19.7098 19.156  18.9033      18.4034 18.432  19.5942 18.0197 18.3125 18.4549 17.8216 18.319  18.4069 18.0266 18.5878 18.0606
23.2002 22.7824 22.8718 20.5005 21.3171 20.5218 20.5145 20.3675 20.8241 19.819  20.0523 19.7243 20.658  19.15   19.286  18.9996 19.029       19.9693 18.7649 19.8009 18.9228 18.3719 18.8834 19.1698 18.697  19.5637 18.9609 18.6598 18.1744
22.6641 22.0496 21.9249 20.5538 20.959  21.1203 20.0462 19.5426 19.7436 19.5276 19.2911 19.2133 19.218  18.7377 18.6452 18.7944 19.7809      18.5768 18.2841 19.1457 18.2451 17.9068 18.9837 18.4967 17.7016 19.1993 18.7005 17.967  17.6794
scan_block_params 500 5000 | tee 500-5000.dat
22.9843 23.4289 24.1534 25.1894 25.4341 25.4612 24.5868 25.9175 24.7177 24.1146 24.7221 25.5886 24.527  24.5373 25.7863 24.2395 25.2618      24.2559 24.6995 24.1905 23.4085 24.3745 24.0776 24.2636 23.235  22.9843 23.4697 23.3328 23.2886
23.8316 24.5413 24.6472 25.0691 24.2535 25.0264 25.0243 25.2718 25.7891 25.1422 24.736  24.994  24.8644 24.6671 25.3972 24.9578 24.5837      23.9325 23.8184 23.8848 24.9496 24.861  24.4809 24.3013 24.0318 25.1337 24.5212 23.2352 24.2916
24.365  24.6108 24.2991 24.4319 24.4106 25.2353 24.4842 24.8664 24.3721 24.785  24.8052 24.6811 24.7849 24.6332 24.963  24.8049 25.1949      23.506  25.7664 24.7403 24.4443 24.7408 24.2969 23.3128 22.9245 22.5153 22.4963 22.2277 21.4539
24.2093 24.4619 25.409  24.9255 25.2546 24.9839 24.9107 25.3166 25.512  25.2813 24.8772 24.9294 24.4487 24.2529 24.9786 24.6516 24.8948      23.9899 24.0885 23.3511 22.926  22.7688 22.7503 22.0363 21.774  21.8052 21.6867 21.6475 21.1905
23.9607 24.528  24.6385 24.5989 23.8059 25.003  25.6114 24.8298 24.6075 24.7448 24.3153 25.208  24.0906 23.9472 23.1107 22.8911 23.1005      23.3119 22.4756 21.8718 21.8415 21.4811 21.3215 20.7803 20.896  20.7575 20.1234 20.4886 20.5927
23.6487 23.8328 23.8203 24.0802 24.1404 23.7554 23.8548 23.1323 24.139  24.2246 24.0436 23.8838 23.8309 23.3569 22.9105 22.293  22.461       21.3384 21.8561 21.3644 21.3395 21.2754 20.9076 20.0387 20.4434 20.2729 20.2276 20.4334 19.9625
23.6255 23.8062 24.3721 23.7465 24.0975 25.0549 23.4269 24.1254 22.5447 22.7222 23.7463 22.4004 22.3501 21.8998 21.4846 21.1437 20.9237      21.0301 20.5179 20.612  21.0143 20.4882 20.2856 20.0798 20.1431 20.1108 19.8996 19.7786 19.8403
23.3732 24.2049 24.3044 23.6382 24.6505 23.7133 24.0227 22.9307 21.3043 20.4642 21.638  21.7843 21.3249 20.3808 19.9646 20.6344 19.7885      20.0164 20.5826 19.4815 19.3225 19.5011 19.4682 19.8561 19.5561 19.4949 20.0089 19.4712 19.5722
23.6946 23.56   23.937  23.6896 23.1196 24.2254 23.4805 23.1267 22.4043 21.4589 22.0597 20.8458 21.0886 21.5052 21.0714 20.7514 20.6981      20.1333 20.8547 20.4334 20.4251 20.3908 20.2817 19.9947 19.9434 20.3883 19.8502 20.0963 20.2275
23.6956 23.5646 24.3935 23.5009 22.9354 21.412  20.3591 19.8233 20.6562 19.6303 20.4699 19.6621 20.3922 19.4698 19.9668 19.782  19.6308      19.416  19.889  19.8818 19.7795 19.7321 19.6418 19.816  19.5857 19.7214 19.4662 19.7646 19.2322
23.8662 23.7502 23.4001 23.5027 22.9829 22.3773 22.297  22.1902 21.8729 21.811  21.8998 20.7416 20.5789 20.3233 20.6485 20.1393 20.6857      20.4925 20.4048 19.9652 20.0448 19.9669 20.3962 19.7852 20.0362 19.5704 19.6265 19.6342 19.4188
23.2232 23.7551 22.1086 23.2797 22.8624 22.8876 22.3604 21.6845 21.8351 21.1454 21.0014 20.8784 20.6623 20.8371 20.4068 20.1287 20.5762      19.896  19.9353 19.6493 19.4768 19.7502 19.4876 19.9288 19.771  19.4909 19.5985 19.9453 19.4346
23.1212 22.5278 23.125  22.5568 22.8905 22.3474 22.3597 21.8703 21.7419 21.5747 20.7635 20.6475 21.0639 21.1818 21.2416 20.494  20.2647      20.3074 21.0164 19.8119 20.2947 19.5536 19.9603 19.7591 19.7246 19.8901 19.4628 19.1477 19.4037
22.8795 22.2996 22.9689 22.5642 22.2779 22.3245 20.7171 21.3735 20.9601 20.4428 20.4399 20.4491 20.1912 20.7283 19.9791 20.0649 19.9844      19.6496 19.764  19.9316 19.636  19.5203 19.6876 19.3703 19.2704 19.4446 19.3213 19.2974 19.1187
22.9771 22.676  23.3214 22.4447 22.7368 22.3548 21.0063 21.7265 20.407  21.5423 19.8717 20.8398 21.4204 19.1973 21.3538 20.6878 20.2231      19.5074 20.6383 19.692  18.8692 19.7702 19.5117 19.6205 19.4096 19.1001 19.1813 19.1037 19.4304
22.5238 22.8785 22.5586 22.4968 22.9478 21.4638 21.2059 21.1542 21.1559 20.7603 20.0642 20.6804 20.409  20.2748 20.0628 19.8151 20.1752      19.531  19.8635 19.4008 19.665  19.1741 19.0133 19.2214 19.4339 19.4596 19.2582 19.2207 19.3741
23.6435 23.5108 22.7688 23.4204 22.9411 21.8328 21.0901 22.6008 20.588  20.4138 22.2899 22.0598 20.1031 19.9887 20.9287 19.5323 19.7856      19.3993 21.1501 19.9092 19.4091 19.323  19.484  19.6731 19.8042 19.4733 19.1578 19.7822 19.3927
22.5954 22.8554 21.5739 21.2707 21.9648 21.0336 20.7046 20.8935 20.6558 20.4592 20.2246 20.0877 20.0147 20.1359 20.0028 19.4326 20.0949      19.483  19.3342 19.3987 19.7532 19.1067 19.7205 19.2316 19.1512 19.334  19.0119 19.1075 18.9718
23.0164 23.2066 23.5111 22.165  21.7104 21.7136 21.0262 21.5736 20.7026 20.2463 20.1937 19.5042 20.0783 20.4683 19.7057 19.8208 20.0333      19.9089 19.8087 19.5088 19.5804 19.8715 19.4316 19.1848 19.4057 19.3097 19.2671 18.754  19.0571
22.804  23.3774 22.9132 22.4628 22.0812 21.6388 21.0617 21.8183 21.8516 20.7071 20.8433 20.5606 21.659  21.4007 20.2441 20.3267 19.9901      20.1955 20.4335 20.3687 20.5509 20.3049 19.5103 19.3783 19.4429 19.2238 19.5593 19.7167 19.1068
22.9298 21.7083 23.2961 22.9489 21.7354 21.0545 20.0017 20.9413 20.63   20.5198 20.3922 20.0341 20.0682 19.8123 19.725  19.2912 19.1403      19.4525 19.6073 19.5002 18.992  18.7265 19.4167 19.1927 19.2172 19.375  19.1378 18.9137 19.1319
22.0929 22.6552 23.0634 24.0277 21.5163 21.4685 21.0689 21.4508 20.5906 20.6035 20.0951 20.0639 20.1784 19.9835 19.7105 19.5699 19.5832      19.7138 20.0603 20.0845 19.2655 18.8885 19.197  19.4532 18.9238 19.1551 18.9375 19.3237 18.9615
23.0062 23.6078 23.0365 21.1639 21.1964 21.1795 21.2517 20.9612 19.7448 20.0257 20.2629 19.7496 19.7378 19.7465 19.4826 19.7416 19.8505      19.5487 19.2216 19.4625 19.758  19.1948 19.6759 19.1353 19.2504 19.2815 19.1396 19.3897 19.1436
23.1574 22.711  23.0339 22.2833 22.0343 20.9889 22.2569 22.2903 20.9501 20.97   20.6317 20.4996 20.6436 21.2785 20.2415 20.1815 21.048       20.5163 20.8954 19.9918 19.3649 19.422  19.7512 19.311  19.3135 19.3874 19.3873 19.2172 19.3799
22.2198 22.4195 22.1831 21.5183 21.4407 21.1896 21.4177 22.3105 20.0464 20.5267 20.1196 20.1845 19.5856 20.3942 19.3063 19.4507 19.9129      20.4826 19.8339 19.0862 18.561  19.0396 19.515  18.6111 18.7285 18.7155 18.8091 18.4947 18.6753
21.9373 22.4591 22.533  22.3965 19.7521 20.4875 20.43   19.7359 20.4199 19.6443 19.5035 19.6775 19.3679 19.5185 19.0369 18.648  18.966       19.1887 18.8168 18.7742 18.7666 19.1071 18.9807 18.808  18.6258 18.7042 18.9464 19.0174 18.7048
22.5694 22.7642 22.5915 22.1336 21.3233 20.831  20.2235 21.2671 21.2956 20.3854 20.2455 19.9947 19.6952 19.7786 20.498  19.8349 19.8678      19.6751 20.1427 19.2893 19.2042 19.2068 18.9912 19.2167 18.9053 18.9195 18.4899 19.0345 18.719
21.7663 21.7487 22.1012 21.2234 20.1784 20.7729 19.8136 20.7098 20.6664 20.2232 20.0075 19.5392 19.6915 19.2383 19.8646 19.0156 19.3022      19.163  19.3231 18.6624 18.7002 18.5098 18.6107 18.6601 18.4719 18.6582 18.2536 18.4196 18.1553
22.9946 21.8437 22.1668 21.0076 21.3728 20.6697 20.6313 20.8476 20.1537 20.458  20.1809 19.8541 19.9156 19.5989 19.3756 19.3628 19.3636      19.2345 19.0062 18.8808 18.8929 18.8314 18.6068 18.9744 18.767  19.0827 18.8034 18.1799 18.6694
22.2167 21.1042 22.0597 20.7424 21.1752 20.2862 20.0016 20.1586 19.6887 19.4711 19.3075 19.0101 18.6042 19.3363 19.0022 18.897  18.6045      18.5974 18.7732 18.3194 18.4976 18.4771 18.3379 18.5737 18.341  18.4784 17.8835 18.0473 18.6197
22.3873 21.9559 21.6264 20.7584 21.4576 24.7709 22.0165 22.4424 20.3633 22.318  21.0529 20.3832 20.9174 19.5403 19.4548 19.4558 18.9475      19.1948 19.9726 18.7601 18.9103 19.4594 18.7878 19.3016 18.6898 18.9187 18.9925 18.4792 18.5844
scan_block_params 600 6000 | tee 600-6000.dat
24.8357 25.8623 25.7188 26.5061 26.5062 26.468  26.4736 26.01   27.346  27.2921 25.3399 26.6683 26.7807 26.9762 26.7078 27.1019 26.6849      26.8193 26.4945 26.8055 27.5894 27.0386 27.7184 26.631  27.143  26.3953 27.7017 27.0039 24.6447
26.0063 26.1088 25.9929 27.1797 26.7205 27.299  27.7046 27.4867 26.4277 27.1619 26.7016 27.1249 27.6288 26.9447 27.2701 26.7611 27.2049      27.4049 26.6871 26.4616 26.8411 25.4116 26.9779 26.7141 26.7921 25.2783 26.0856 26.0616 26.3775
25.9795 25.2723 26.3163 26.333  26.7395 25.988  26.5013 26.3136 26.4324 26.7358 25.2923 24.6764 25.0142 24.0818 23.889  24.583  23.2043      23.5799 22.6435 22.444  22.9654 23.0561 22.7781 22.7144 22.4589 22.1237 21.8296 21.9046 22.1573
26.3833 25.382  26.6085 27.2917 25.9673 26.7699 26.7339 27.571  26.6503 27.8824 26.3602 26.4515 27.0021 26.2013 26.5965 26.4042 25.4839      25.1382 25.1102 23.8928 23.4772 23.4482 23.0677 23.4141 22.9399 22.9148 22.2466 22.6067 22.9753
25.2752 25.8873 25.8613 25.7974 26.2443 25.9022 26.7843 27.0097 26.5643 28.0963 27.4664 26.1999 26.1728 26.7002 26.2462 25.6211 25.6199      24.7548 24.7165 24.6473 25.183  23.9326 23.7001 23.8378 23.1118 22.6574 22.3866 23.2887 22.193
26.1261 25.9564 25.4101 25.5965 23.9023 24.1954 25.9784 24.7345 23.7952 23.2898 22.931  23.9384 22.7773 23.4718 23.4897 22.8958 23.161       22.8963 23.0074 22.372  23.3499 21.86   23.2719 22.2088 21.757  22.885  21.9373 21.3999 21.5898
25.7566 25.2215 25.4591 26.5033 26.8767 26.3973 24.1325 22.578  22.4242 23.0802 21.6609 21.8579 21.0027 21.0237 21.142  22.3087 20.84
        20.9888 20.7559 22.0471 20.6953 20.6625 20.8832 20.4766 20.6317 21.6854 20.2494 20.3004 20.5008
24.6836 25.5985 24.644  25.0419 24.7119 23.7993 23.5796 24.6379 22.85   23.091  24.5455 23.7443 22.9969 24.4209 22.7725 22.5157 22.128       22.0392 21.6361 21.2576 21.1558 21.3642 21.1976 21.0792 20.9231 21.2162 20.7755 20.7771 20.9787
23.6792 24.0429 24.2487 24.0772 25.7506 23.6637 23.8328 23.9597 24.2213 25.3625 23.6894 23.8094 23.5894 23.257  22.9404 22.4732 23.292       22.8666 21.9563 21.8901 22.5273 21.9415 21.2642 22.1998 21.6851 20.6818 20.8477 21.3943 20.7898
24.5488 25.828  25.6246 25.7394 24.3854 24.0492 24.0288 24.8155 23.5766 23.8327 22.913  22.9924 22.225  22.1677 21.9209 21.9029 21.4462      22.4915 21.1354 21.554  21.3066 20.7681 21.9638 20.5387 20.5951 20.7151 21.1045 20.4598 20.4369
25.5319 24.7025 26.3048 25.0192 24.8519 24.9169 23.6135 24.3201 23.8736 23.6345 23.1713 23.6478 22.2245 21.5036 22.2415 21.6477 22.6634      21.2353 21.8822 20.7898 21.3554 20.8963 20.9407 21.79   20.8703 21.5088 21.0543 21.7169 20.5265
24.0762 24.2812 24.8109 24.3084 24.8821 24.1597 23.407  23.9835 23.3684 22.4981 22.9254 22.5016 21.9728 23.1606 22.4387 22.1903 20.8694      21.2358 20.7828 20.675  20.8577 21.2678 20.7007 20.2062 20.8584 20.3417 21.2621 20.1106 20.4159
25.0041 25.0859 24.5607 23.6561 24.9197 22.5414 24.0657 24.2331 23.7031 23.0753 22.4812 21.367  22.0713 22.2067 22.0733 21.6835 21.7913      22.3599 21.9977 22.2378 21.004  20.7928 20.4875 20.8976 20.7442 20.5093 20.3778 20.9802 20.1491
24.2876 24.7614 23.7525 25.3437 24.3472 25.7076 23.2039 23.3156 23.9218 24.573  23.4763 23.2245 22.0184 23.4608 21.8305 22.6408 22.0635      22.5716 21.4607 21.6236 21.4365 22.2944 21.2666 21.0414 20.9777 20.6186 21.1765 20.988  21.36
21.7043 20.7481 22.5557 20.7781 20.8138 21.4353 20.8969 19.9822 21.3757 21.2672 21.7076 21.0398 21.311  20.5528 20.4643 20.7028 20.3577      21.3954 20.1562 21.0352 20.546  20.8021 20.3117 20.0796 20.032  20.295  19.9907 19.7063 19.7424
24.0511 25.3529 24.2751 23.8673 24.2062 24.3077 23.0511 22.5942 23.2832 22.9896 21.8553 23.2857 21.8103 21.7208 21.6845 21.9262 21.2324      22.2292 22.4681 21.3197 20.999  21.7836 21.4739 20.9851 21.0833 20.2201 20.9185 20.1562 20.0909
24.2159 25.4366 24.9643 25.1477 23.9221 22.2281 21.6057 21.5371 22.4441 23.1194 22.801  21.4515 22.178  21.4097 20.951  21.5697 20.4343      20.6275 20.3017 20.6381 20.2616 20.0655 21.5114 20.3582 20.3629 20.8645 19.9557 20.1457 19.8516
23.9993 24.0277 24.8232 23.9953 23.9456 23.2043 22.938  23.0768 22.7244 23.2001 21.8417 21.8397 20.8059 20.8045 23.2136 20.6211 22.1403      21.1828 20.519  20.5083 21.1845 20.4393 19.8594 20.8762 21.1851 21.2837 20.8151 20.0032 20.8187
25.045  24.8105 24.3061 24.8207 23.9482 23.1636 23.5752 22.5396 21.921  22.2542 21.4826 21.4678 21.087  21.1515 21.5382 21.4572 21.8012      20.7923 21.9789 20.5275 20.8839 20.7779 21.2933 20.3138 20.2562 20.0564 20.3233 20.0475 20.3613
23.9903 24.4147 23.7122 24.6191 23.6993 22.6531 23.1655 22.5311 21.8066 21.3538 21.1281 21.3009 20.8462 21.7805 20.324  20.9866 20.8303      21.5863 20.7851 19.9857 20.2917 20.3103 20.0054 20.0435 20.4842 19.9868 20.8511 19.9698 19.8228
23.6475 24.8772 24.0908 24.6468 23.8814 24.8781 22.301  22.9677 22.3632 22.5241 21.3459 21.7781 22.3662 21.3418 22.1608 22.1653 21.9441      22.0128 19.9405 21.2881 21.0106 19.6582 19.8233 20.2284 19.7817 20.3319 20.1253 19.7732 19.7881
23.4309 24.4822 24.0684 22.5397 22.3017 23.5896 23.3822 21.8295 21.8505 20.9053 21.4231 20.6427 20.4969 20.3063 20.4895 20.4232 20.0201      20.3723 21.0325 19.92   19.7511 19.6296 20.0062 19.5539 19.7191 20.2868 20.1379 19.5932 19.6039
24.1294 24.2938 24.7687 23.9634 22.239  22.618  22.6385 23.3756 21.9622 21.4156 22.9785 21.5542 21.1501 21.6204 20.2989 21.0844 21.7471      20.3703 20.4324 19.7037 20.5997 20.3224 20.0318 20.0822 20.4894 20.2308 20.7272 21.0229 19.5862
23.9527 25.3539 25.4678 23.8229 25.0058 23.337  22.7935 22.5409 22.2707 22.0629 23.2312 22.8843 21.5314 23.1714 22.5097 21.5519 21.1601      22.6452 21.9063 20.8367 20.5959 20.4063 20.4224 20.7125 20.3458 20.4878 20.304  20.2141 20.3477
23.5431 24.4515 24.4525 21.4751 23.2521 22.5583 22.3513 21.4414 21.3036 21.5945 22.1961 21.9913 22.2369 21.5512 21.3881 21.6958 20.1447      21.7226 20.9063 20.0458 20.6266 19.761  20.3494 19.9621 19.6414 19.7215 20.5173 19.6157 20.3405
24.0521 24.5956 22.8416 23.446  20.7465 21.6865 20.3147 21.8309 20.8556 20.8087 20.447  20.7901 20.5836 20.3918 20.3642 21.2275 20.0278      19.9185 19.5185 19.6605 19.4904 19.2128 20.5943 19.5481 19.7381 20.9053 19.024  19.2511 19.8192
23.7973 23.945  23.1193 22.2178 23.1195 22.4446 22.3007 21.0841 21.0566 21.2864 20.9723 21.3729 20.7314 21.1691 21.3058 20.3058 21.2032      20.1276 20.0385 20.0582 19.8596 19.8173 19.8007 19.3651 19.832  20.0661 20.4904 20.7694 20.491
23.9333 24.3429 24.9989 23.9715 23.8858 22.7322 22.8192 21.8181 22.2664 20.4916 20.0678 22.1942 20.5639 20.4039 20.3766 21.3836 20.7228      19.5731 21.1914 20.0087 20.7427 19.9397 19.3345 19.8166 19.7776 19.6754 20.1599 19.8305 19.2554
24.4916 25.3097 23.865  24.435  23.3615 22.8998 22.9518 23.653  23.6056 22.7261 22.0538 22.3996 23.1215 22.9886 20.9402 21.3124 21.3234      21.5466 22.4459 22.0832 21.4235 21.741  20.5252 19.936  20.4985 20.3379 19.8874 20.6651 19.8633
23.9183 23.7227 22.9484 22.6824 22.4171 22.5782 21.2256 23.2196 22.3842 22.0053 22.146  22.4107 22.0146 22.4807 20.7618 20.9766 20.2563      20.6537 21.1629 20.5306 21.2505 20.437  20.2135 19.4383 19.719  20.283  20.0936 19.9445 19.3167
21.5736 20.6705 24.0281 23.3625 23.4506 22.1373 20.3184 21.8781 21.2931 21.9681 20.4602 21.3173 20.9519 21.4459 20.1409 20.2474 19.4033      19.9421 20.04   20.0495 19.954  19.9526 20.1378 19.5042 20.0736 20.0568 19.509  20.6753 19.7931
scan_block_params 700 7000 | tee 700-7000.dat
20.9442 22.0273 22.1652 22.5632 22.7903 23.5476 22.999  23.7913 22.5468 23.1919 23.7192 23.1796 23.1183 23.8107 23.2837 23.2239 23.158       22.1355 23.4944 22.806  23.3429 24.0602 22.7685 22.8686 22.4869 23.8443 22.9603 23.1754 22.9515
22.1128 22.6411 22.6064 22.5441 21.9402 22.5762 22.3614 23.0453 22.9586 22.7937 22.3376 21.8325 22.3378 21.6219 20.9577 20.6314 21.2462      20.6515 20.3728 20.7588 20.491  20.0049 19.9536 19.7125 19.4947 19.509  19.2731 19.5509 19.2997
22.1393 23.3208 23.3059 23.1131 23.8833 23.826  23.9158 23.634  23.3103 23.4593 23.458  23.1395 23.1785 23.1628 23.4232 23.5534 23.558       22.2998 22.407  24.3298 22.6707 22.4013 22.6683 23.5564 22.8075 21.9069 21.9246 21.9259 22.1788
23.2877 23.1509 23.7715 24.03   23.8283 23.8647 24.0903 24.5393 24.1535 24.7118 24.6539 23.8145 24.4117 24.5292 24.346  24.2787 24.3775      23.6303 23.8023 23.7868 23.8091 24.2623 23.3813 22.8529 22.937  22.7464 22.5465 22.7602 22.1175
22.6831 23.3849 23.3481 23.9227 21.6873 21.8126 23.3549 23.891  22.607  23.8711 22.6756 22.819  21.4789 21.5473 20.7507 21.0071 20.6928      20.0413 20.1582 19.7017 19.6035 19.4039 19.74   19.2619 19.5278 19.2978 19.4644 19.1048 18.9663
23.0445 23.6464 23.2448 23.5432 23.4601 23.4973 24.1459 23.5994 23.7149 23.4217 23.6959 23.873  24.0136 23.8858 23.449  23.6866 22.7345      23.0791 23.3172 22.3292 22.501  22.3331 21.8023 21.4967 21.8129 21.0728 20.7338 20.783  20.8276
23.2959 23.4869 23.4675 23.7334 22.722  23.9057 23.2328 22.5297 22.3807 23.3979 23.0945 22.6735 22.8802 23.2093 22.5045 21.6321 22.5214      22.4817 22.3078 21.2796 21.5331 21.1752 20.8917 20.6993 20.47   20.2125 20.0282 20.1948 20.0323
22.9188 22.9022 23.467  24.0028 23.767  23.0746 23.9298 23.9698 24.1919 24.1226 23.1751 22.1059 21.836  22.5612 21.8433 20.917  20.4875      20.3823 20.6544 19.986  20.6286 20.6028 19.5055 20.0692 19.9255 19.3831 20.0942 19.2445 19.2564
22.888  22.9227 22.753  23.865  22.4068 22.331  22.4239 20.979  21.504  20.5108 21.0604 21.0147 21.437  20.4556 20.664  20.7956 20.586       20.3739 20.3124 20.1266 19.9723 20.2637 19.8822 19.7326 19.5922 20.0544 19.5784 19.4612 19.2941
22.6419 23.0421 22.7143 22.196  22.6142 22.4662 22.5983 22.8648 22.5084 22.3895 21.7024 22.1297 22.3387 22.0398 21.0605 20.9417 20.8089      20.423  20.172  20.1738 20.662  19.9133 20.1816 19.8776 19.8892 19.8897 19.8751 19.2479 19.0837
22.3979 22.7511 23.3286 23.1952 22.4487 22.1477 22.4938 22.6103 22.9922 22.0423 22.3062 21.185  21.4826 20.1529 20.6425 20.5584 20.0503      20.7445 19.7498 19.5073 19.7403 19.4858 19.194  19.1452 19.0794 18.9527 18.9316 19.7149 18.7584
22.6418 22.9506 23.0012 22.9133 23.0914 22.6184 22.8862 22.6595 21.0421 21.7247 20.8925 21.0124 21.1665 20.6122 20.4309 20.1509 20.1928      20.4851 19.9566 19.6382 20.0097 19.4469 19.6464 19.259  19.2932 18.966  19.1213 19.0235 19.1508
23.0258 23.6715 23.2425 22.6964 22.2158 21.7738 22.135  21.8551 22.3924 21.9533 21.4563 20.0699 21.2363 20.4798 19.9631 20.275  20.1137      19.8005 20.0365 19.8095 20.147  19.4663 19.7501 19.7255 19.2964 19.5789 18.8786 18.9894 19.4807
22.4567 23.1122 22.9436 22.7657 22.0229 21.7457 21.9042 21.7357 21.2615 21.4507 20.3629 20.4118 19.8333 19.7758 19.4798 19.7204 20.3445      20.0453 19.3684 19.2923 19.3241 19.078  19.8999 18.9158 18.8406 18.8038 18.6477 18.7483 18.7582
22.7416 21.9196 22.4959 24.0359 22.4492 22.7905 22.4641 22.3823 21.1129 22.6921 20.902  21.6883 20.5925 20.3408 21.3755 20.2185 20.1229      19.6685 19.7656 19.8773 19.7979 20.4929 20.1023 19.7886 19.0217 19.2413 19.5931 19.0317 19.1817
22.3356 22.2077 22.0418 22.7308 22.0272 21.9214 21.6093 20.8616 21.1792 21.0742 20.8218 20.5143 20.2553 19.7466 19.4996 19.9819 19.8055      19.6528 19.0154 19.7787 19.2699 19.0236 18.8454 18.99   19.1004 18.6598 19.266  18.8097 18.4246
22.0414 22.6496 22.6584 22.949  21.6167 22.6789 21.3165 20.4345 21.4427 21.0489 19.9357 20.745  19.8525 19.8073 19.6401 19.6822 19.8972      19.7423 19.2874 19.2672 19.1757 18.9583 18.8866 18.804  18.8324 18.6551 19.1779 18.7744 18.7775
22.4137 21.8461 22.2996 22.5828 21.7989 21.6713 21.5587 20.8807 21.2973 20.1521 20.4331 19.9905 20.3873 19.7481 19.4889 19.9964 19.3346      19.1902 19.1892 18.9637 19.4356 19.1274 19.198  18.6533 18.6327 18.5183 18.7975 18.7878 19.1152
22.3352 23.1953 21.8967 21.3375 21.327  21.5162 20.3904 19.7707 20.0156 20.0531 20.0369 19.1864 19.6232 19.5926 19.5864 19.5132 19.3157      19.5064 19.0233 18.8239 18.9815 18.8345 18.7922 18.6639 19.3712 18.9961 18.797  18.7371 19.0379
22.9619 22.237  23.4936 22.1573 21.9257 22.1887 20.3514 21.5299 20.9941 19.6342 19.2669 19.5637 19.7096 19.187  20.2158 20.0293 19.7856      19.498  19.0453 19.4859 19.31   18.7001 18.8188 18.6368 18.7414 18.9589 18.9432 18.434  18.424
22.2449 22.5878 22.4996 22.0144 22.6885 22.6038 21.937  21.0443 24.1926 20.3102 20.6919 20.6134 19.8823 20.9227 19.8323 20.5364 20.2605      20.3181 19.7272 19.8258 20.6163 18.7019 19.9179 18.712  19.5305 19.9405 19.4825 18.7962 18.699
22.1711 21.4685 22.4182 23.3064 22.0078 20.8471 21.3987 20.134  20.542  20.5603 19.7412 20.2091 19.4543 19.2895 19.3907 19.8213 19.4836      18.9421 19.1669 18.5774 19.1779 19.2894 18.3461 18.5452 18.6409 18.5096 18.4482 18.3896 18.3911
22.1671 22.0595 22.0778 21.9253 21.2863 20.955  20.6929 20.45   20.5898 20.2513 20.2302 20.2203 19.5946 18.9962 19.7419 19.0928 19.9999      19.781  19.3454 18.9286 18.5937 18.6843 18.852  18.3917 18.8447 18.5143 18.292  18.1715 18.7546
23.1268 23.2923 22.6255 22.9082 21.9716 21.041  24.1002 21.1711 20.2532 20.931  20.2295 20.0829 21.0402 20.2162 20.2303 19.4136 21.0198      20.8737 19.9267 19.1149 19.786  18.8337 19.3123 19.7628 19.2448 19.2571 19.2571 18.8197 19.4256
22.184  22.1719 22.3879 22.4818 21.1168 21.5803 20.6796 20.4444 21.1052 20.6566 20.5789 20.1595 20.555  19.284  19.507  19.3918 19.4218      18.8253 18.9969 18.9479 18.8416 19.1879 18.8303 18.4725 18.4244 18.6297 19.209  18.6015 19.5626
21.656  21.7191 22.8461 22.6974 20.8572 20.9678 20.4937 20.5676 20.6207 20.3311 21.3876 20.4985 20.672  20.6787 19.5495 19.8929 19.8096      19.6594 19.1583 18.8071 18.9375 19.1859 18.8737 18.6773 19.1431 18.5161 18.227  18.6787 19.0229
22.2879 22.2039 22.4918 22.4998 22.0571 20.4855 20.5392 21.2706 20.4302 19.6891 20.6551 19.3041 20.2733 19.2817 19.0442 18.6344 18.8935      19.053  18.8198 18.7554 19.5488 18.7853 18.2273 18.2637 18.7173 19.0756 18.2129 18.9039 19.4763
21.7034 21.6255 22.4914 21.9467 21.5395 20.1307 20.6793 20.3277 20.2108 19.0117 19.2571 18.3762 19.5114 19.0708 18.7512 18.1246 18.1085      18.802  18.5924 18.1709 18.4258 17.9956 18.2811 17.8148 18.7588 17.9394 18.2218 17.9266 18.0786
21.8984 21.8207 21.4937 21.668  21.3027 21.3185 20.5235 21.1631 20.3693 19.8073 20.2991 20.3193 20.993  19.9448 20.2784 20.0601 19.7563      20.1077 18.8213 19.8497 18.7372 18.6056 18.7696 18.8813 18.1734 18.2281 18.6389 18.5785 19.1166
21.6799 22.2214 21.6645 21.3614 21.3692 20.4615 19.5454 19.9846 20.6028 19.4893 18.6658 19.2853 19.7031 19.8832 18.6858 19.3552 18.3963      19.0074 18.9342 19.3482 18.3326 18.1353 17.9154 18.7211 18.1766 18.4308 18.1914 18.4086 18.0668
22.2661 22.4689 21.6159 22.1198 21.8929 21.7734 20.6274 20.9726 20.4701 21.052  19.9665 20.4538 19.7512 19.4293 19.072  19.4655 18.9767      19.0842 18.8901 18.818  18.9851 19.5897 19.0723 18.7394 18.5468 18.4202 18.4698 18.3698 18.24
scan_block_params 800 8000 | tee 800-8000.dat
20.7228 21.5232 21.7789 22.2075 22.0236 22.244  22.1017 23.0472 23.0205 22.6155 22.6739 22.6583 22.7743 22.2644 22.6919 22.2897 22.2776      22.0681 23.141  22.1125 22.9759 22.3867 22.9598 23.3669 22.8615 22.0629 22.4644 22.8116 22.1066
21.0626 21.2487 21.3706 21.7727 22.2305 22.135  22.0825 22.4525 22.5041 22.5583 22.8962 21.8392 21.4732 22.4939 22.6277 21.1202 21.3565      22.5766 21.424  22.7367 22.7914 21.5153 21.1262 22.1106 22.6113 21.2682 22.9291 21.3294 21.9077
21.7209 22.5708 22.792  22.8594 22.9893 22.5777 23.1867 23.3396 23.074  23.4469 23.6002 22.4607 23.1516 23.9173 22.5772 22.7841 23.1531      23.2065 23.0766 22.6453 22.8984 23.1015 23.2689 22.3814 23.8575 23.0447 23.7315 22.2426 22.7031
21.8083 21.7515 22.7907 22.7721 23.3184 22.9299 22.6744 23.3886 23.3132 23.2524 22.6855 22.7888 23.2328 22.9291 22.7876 23.5687 22.9406      23.3649 23.5962 23.0604 23.4191 23.2384 23.3063 22.8197 22.9279 22.8565 22.6261 22.748  22.2683
22.0581 22.359  22.1716 22.781  22.2931 22.9325 22.8634 21.8791 23.4582 23.3386 22.2498 22.701  21.5621 22.549  22.5117 22.5476 22.2977      22.4024 22.8126 21.6137 22.1086 20.7118 22.0923 21.3107 21.8346 20.8981 21.4442 21.619  21.272
21.5893 21.355  21.1236 21.7945 20.6734 21.2046 20.3492 20.4668 19.8173 18.8147 19.4828 18.8834 19.0791 18.6864 18.4676 18.3669 18.1119      18.5997 18.2986 18.0129 18.6064 18.6291 17.9408 17.6988 18.6521 17.9959 18.0917 17.7018 18.4417
22.288  21.7863 23.1195 23.0287 22.0841 22.5883 22.3529 22.8916 21.8284 22.8122 22.3086 22.2514 22.5796 22.0279 22.3352 22.8112 21.8635      22.4657 22.5383 22.0858 21.3021 21.1979 21.683  20.9339 20.638  20.5498 20.3886 20.0128 19.8256
21.6961 21.6872 21.9466 22.345  22.821  23.0269 22.4624 22.1997 22.1347 21.4995 21.1138 22.1193 22.9792 21.0261 21.057  20.473  21.1031      20.4794 21.2326 20.2513 19.572  20.4375 20.2672 19.7237 18.9668 19.1213 19.5228 18.7558 19.6892
22.4665 22.5955 22.4337 22.9132 22.2243 22.3982 21.4539 21.9433 22.2724 22.5874 21.8594 21.3245 21.8773 21.8406 21.7458 21.8621 20.8266      21.4234 20.9493 20.9253 20.4858 19.9524 20.3116 19.6864 19.3303 19.9105 19.5277 19.4834 19.4739
21.5711 21.7406 22.029  21.5576 21.8647 21.5486 21.6855 20.835  21.4006 21.1603 21.8235 21.9453 21.88   21.4433 21.8316 20.1677 21.0697      20.5587 20.558  18.9604 19.7623 19.7878 19.4064 18.7995 18.7571 18.5009 18.2669 18.943  18.5359
21.7058 21.6096 21.9832 21.4729 21.6401 20.8981 21.2683 20.6707 20.8916 21.0416 20.975  20.0719 20.1542 21.0506 20.4106 19.3796 19.3625      19.134  19.845  20.0952 18.6143 18.7041 19.6874 18.7543 18.7157 19.6091 18.4974 19.0854 18.4781
22.0691 22.1399 22.3698 22.8514 22.1816 21.1225 19.8237 21.5225 19.5728 19.6969 18.8707 19.4191 20.278  20.9112 20.2127 18.8662 18.7802      19.0584 19.8722 19.6248 18.7689 19.9276 19.3514 19.3102 18.5682 19.4598 19.1916 18.5408 18.9219
22.1973 22.4121 22.2962 22.3354 21.4329 22.5684 21.3959 21.5846 21.3467 21.5843 20.5694 20.7191 19.8542 19.6933 19.6902 19.7334 19.5202      19.6122 19.3519 18.7395 19.2356 18.4945 18.1981 18.5    18.1926 18.2906 18.8349 18.5482 18.3738
21.552  21.5986 21.3655 21.6795 21.441  21.1455 21.1694 21.178  21.1301 20.5006 20.1149 20.5893 20.4772 20.3515 19.7055 19.6118 20.033       19.8405 19.5904 18.8734 19.2894 19.6114 19.2701 19.4336 18.9703 19.0654 18.4136 19.0805 18.2205
22.2236 22.0031 21.4314 21.4443 22.1635 21.7663 21.1377 21.7586 20.9814 20.6515 20.63   20.821  20.6432 19.805  20.3963 19.2024 19.2359      19.3069 19.525  19.3583 19.363  19.4498 18.7067 18.7051 18.5479 18.3275 18.8923 18.5806 18.6826
20.7209 20.9158 20.8191 21.0794 21.2585 20.8388 21.2028 20.9923 20.4758 20.6502 20.0404 20.241  20.5196 19.9287 19.0183 20.275  20.035       19.9117 19.0545 19.2298 18.9755 19.3139 19.4208 18.8323 18.6735 19.2283 18.7719 18.3372 18.4565
21.4677 22.357  21.9317 22.0782 21.183  22.0016 21.7989 21.2288 20.4509 20.2171 19.3398 19.3493 18.9886 19.9318 18.6645 19.0645 19.6661      17.7841 18.2062 18.3989 18.8508 18.4409 18.2751 18.7495 18.4166 17.7267 18.8329 18.0979 17.5766
21.3565 21.3357 21.2103 21.5462 21.3632 21.2126 20.1557 20.6934 19.9419 19.1861 20.143  19.9432 19.4889 19.9109 19.8684 18.4557 19.0164      18.4258 18.2477 18.2522 18.2214 17.8831 18.1467 18.2561 17.9374 17.8487 17.8744 18.4448 17.8982
22.3897 21.338  22.6    21.508  21.5548 23.4779 20.6673 21.0663 22.6838 20.781  19.7015 19.7226 20.1243 20.0502 21.0501 20.6216 19.8227      20.0134 19.9804 20.5208 19.0838 19.9651 20.1001 19.7548 19.4188 18.9994 18.8101 19.0006 19.0913
21.018  21.6904 21.0266 20.7954 21.4989 21.3826 20.7069 20.0796 20.3661 19.4794 19.2366 19.1542 19.9214 18.6398 19.6007 18.582  19.2718      18.8988 19.2282 19.1594 18.4842 18.9561 17.9646 18.4849 17.8682 18.358  17.6515 17.5013 17.7191
21.2423 21.1571 21.7069 21.4293 21.2047 20.3543 21.0353 20.5667 20.5559 20.5237 19.9568 19.9551 18.5586 19.8092 18.6314 19.4555 19.2576      18.8458 18.7718 18.8038 18.1149 17.9468 18.1597 18.0175 17.7158 18.3592 18.8483 17.7611 18.5506
20.8358 20.5197 21.1487 20.8997 20.1263 19.9765 19.7028 18.5286 19.8304 19.2908 18.5822 18.7333 18.4617 19.3757 19.827  18.4191 18.6984      18.3965 18.3784 18.4479 18.2401 18.9406 18.0818 18.5189 17.7865 19.0909 18.7133 17.7057 17.9582
21.0957 21.1899 21.2246 21.9068 20.705  20.3342 20.2476 20.1824 19.6572 20.4384 19.9462 19.7808 19.3073 19.8845 18.6409 19.7996 19.0417      19.0861 18.4536 18.8505 18.4937 18.1901 18.7396 18.6174 18.6806 18.3926 18.0144 17.8478 18.0765
21.5608 21.5424 21.6326 21.7644 20.9583 21.0019 20.4865 20.4749 20.6435 19.6313 20.1118 21.1468 19.7936 20.4531 19.5675 19.5886 19.7076      18.8403 20.0216 20.0929 19.2182 19.5809 18.2005 18.955  19.2574 18.6056 18.3041 18.3341 18.7196
21.5565 21.1812 20.9751 20.6297 21.7411 20.5397 20.2747 20.924  19.2853 18.7899 18.4256 19.1548 20.0102 18.7746 19.6149 18.5919 19.4226      19.1399 18.5068 18.2512 18.2443 18.6468 17.9607 18.0779 17.9258 17.9612 18.4839 17.9571 18.9844
20.9149 21.7528 21.0833 21.1634 21.582  20.6594 20.7264 20.3122 20.6543 20.4117 19.1519 19.9974 19.4075 19.9174 19.6695 18.3741 19.4153      19.3519 18.6132 19.006  19.0392 19.4199 17.94   18.3058 18.1589 17.8248 18.3308 18.4665 18.7931
20.9054 21.3056 20.9055 21.5128 21.0807 21.1252 20.1795 20.1227 19.3125 19.7797 18.8962 19.3546 19.429  19.221  18.4197 18.1873 19.263       18.8483 19.2596 18.0165 18.6691 17.9515 17.9566 17.7475 18.2635 18.569  17.6539 18.1941 18.1272
21.9178 21.3384 21.5367 21.4671 21.4966 20.5456 20.334  19.8998 22.3178 20.0127 20.0809 19.123  19.0196 20.0694 19.4322 20.2094 19.8772      19.2619 18.8085 19.4369 19.6691 18.511  19.3113 18.4424 18.9437 18.9015 18.758  18.3451 18.2162
20.8464 21.4216 21.5198 20.824  20.7456 20.2215 20.0081 19.8056 20.2444 19.5532 19.7623 19.8625 18.7714 18.537  18.5922 19.6008 18.1523      18.2979 17.9375 17.8962 18.8636 19.0821 17.8027 17.783  18.0062 17.7603 17.6434 17.9624 17.5737
21.1859 21.2725 21.9896 21.0945 21.3827 19.6206 20.6355 21.5376 21.0773 20.1854 19.9494 20.1417 20.4746 18.9358 19.6968 19.604  19.3105      18.5954 18.3897 18.9427 19.1481 18.5223 19.1793 18.1075 17.8242 17.6425 18.6085 17.6477 17.7048
21.6858 21.3979 21.7313 21.3219 20.9937 21.0992 20.6541 19.9531 19.5157 19.1214 19.9315 18.9757 18.8092 19.6273 19.4564 18.9157 18.9044      17.9706 18.2365 18.6722 18.6942 18.8311 18.032  18.1184 17.8115 17.8515 18.7924 18.5348 18.6564
scan_block_params 900 9000 | tee 900-9000.dat
21.2538 21.3206 22.7373 22.2975 22.4075 22.4726 22.4385 23.1844 23.5464 22.648  22.1595 23.0176 23.2021 22.401  22.3309 22.3613 23.1816      21.6686 21.9936 21.9084 22.0919 22.7697 22.2234 21.9708 21.9442 22.556  22.3609 21.8027 21.9284
22.1411 22.5869 22.3517 23.7994 22.9991 23.7811 24.0509 22.9206 23.9047 23.6381 23.0964 23.0647 23.1007 23.2599 24.5501 22.9221 23.6211      22.8129 23.912  23.2382 23.3686 23.2244 23.3391 23.4389 22.5744 23.3466 23.8388 24.6111 23.3506
22.1364 22.1961 22.8262 22.5979 22.8779 23.0973 23.2156 22.9443 22.7962 21.8416 21.7301 21.1005 20.0451 20.8033 20.385  19.5131 19.3373      19.1075 19.1971 19.4433 18.7274 18.5804 18.7078 18.5819 18.4325 18.9188 18.608  19.0342 18.5576
22.9857 23.2371 23.1259 23.4258 23.475  24.0324 24.3408 24.1632 24.6135 23.3744 24.0355 24.3122 23.7892 24.2946 23.8864 23.8697 23.5539      24.4174 24.0648 23.4066 23.6691 23.5061 24.512  23.7191 23.3107 23.3409 22.6408 22.749  23.5229
22.9179 22.4895 23.0084 23.8705 22.7887 23.7657 23.6212 22.8479 23.1426 23.9229 23.7919 22.3683 22.0861 22.0814 23.2244 22.7006 22.0148      21.6819 21.0964 21.1853 20.5962 21.2841 20.4119 20.9705 20.2112 19.6631 19.7222 20.0158 20.5231
22.5693 22.6852 22.9268 23.2401 23.5326 23.0127 23.8259 23.0077 23.9545 22.0522 23.1094 23.009  23.2012 21.6817 23.2255 23.455  23.1952      21.7983 23.3744 21.6062 21.3447 21.4202 20.7089 21.3412 21.1705 22.3914 21.1278 20.4887 21.1731
21.8862 23.0406 22.9837 22.2785 22.3075 22.6548 22.6085 22.0136 21.6652 20.6286 20.13   20.268  19.8685 19.9538 19.3122 18.9958 19.1495      18.6447 19.0331 18.6906 18.9769 18.5017 18.4545 18.7026 18.332  18.3519 19.1638 18.7474 18.5544
23.3644 23.3118 24.343  23.8885 23.6969 23.3912 23.3437 22.3165 23.1475 23.5487 24.0917 23.6579 23.6628 22.5692 23.2865 23.2087 22.5133      23.0166 23.2678 23.1123 22.2774 22.8343 21.803  21.2297 21.6605 21.2021 20.947  21.231  20.7439
22.7618 23.4707 22.6059 23.3865 23.4163 24.3591 22.8574 24.3777 24.6965 23.5965 23.933  23.5393 21.7706 22.4366 21.8113 22.8279 20.9322      21.1433 20.9455 20.7638 21.3374 20.5414 21.2487 20.2775 20.1504 20.7965 19.6044 20.5251 19.6393
22.9503 22.8865 23.107  22.9882 22.7738 22.4211 23.2335 22.6348 22.6613 23.2355 23.0606 23.1822 22.1744 23.1548 21.6388 21.6136 22.5813      21.3428 21.5324 21.9879 21.6988 21.174  20.8334 20.8537 20.468  20.4818 20.279  19.7695 19.7193
22.2747 23.2522 23.3364 21.9543 23.5489 23.2722 23.3429 23.2114 22.7416 22.9231 21.2035 21.0366 21.0587 19.6335 20.0069 19.6081 20.4197      19.7016 20.0587 19.7588 18.7445 19.0403 18.7311 19.7759 18.7684 19.1831 18.6414 18.6406 18.8312
23.0285 22.435  23.6173 23.0633 22.5368 22.5981 21.456  21.7154 20.9111 20.5929 21.1962 21.3925 20.1618 19.8198 20.4953 20.0577 20.5317      20.1497 20.021  20.306  20.2036 20.4464 19.99   19.6867 19.5667 19.3197 19.5141 19.081  19.076
22.1778 22.8946 22.4125 22.1696 21.0904 21.2322 20.2001 19.9046 19.9447 19.3029 19.9485 20.5052 18.9562 19.9885 19.9049 19.0193 19.1431      19.1857 18.919  18.7625 18.8851 19.6427 18.8502 18.9098 18.5417 18.63   18.8194 18.6126 18.7448
22.1366 22.5148 22.4095 22.9037 22.0316 22.2479 22.1741 21.5272 22.2637 22.0609 21.7754 21.5676 20.9216 21.4703 21.057  21.0005 20.9195      20.8859 20.9677 21.1682 20.2375 20.3598 20.4917 20.1705 20.2529 20.4357 20.6186 19.6347 19.5635
20.6339 20.2744 19.7959 20.2329 19.597  19.0712 19.0167 19.944  19.6489 19.5275 19.1818 18.7451 19.0543 19.2164 18.6678 18.9657 19.0574      18.6016 19.2692 18.8542 18.4055 18.6832 18.309  18.8139 18.9399 19.1136 19.0115 19.0056 18.3417
22.5788 23.405  22.6598 22.49   22.9186 23.3108 22.979  22.5904 21.9948 22.6652 21.6494 21.3124 21.4852 20.7    21.0355 20.7354 20.1643      20.3651 19.8968 20.3087 19.588  19.5835 19.4219 19.6911 18.985  19.3672 18.9191 19.3095 18.8145
23.0466 22.9217 23.6632 24.2028 22.6245 23.002  22.3661 22.414  21.7278 22.4994 22.068  21.4705 21.403  20.9873 21.0105 20.5587 20.7325      20.4903 20.3406 20.6531 19.9323 19.8071 19.7871 19.3737 19.4289 19.8196 19.2042 19.0492 19.3663
22.0902 22.2591 21.8204 22.3221 22.0936 21.8597 21.4059 21.3345 21.4668 21.7875 21.1374 21.0282 20.7692 20.4667 21.2792 21.1566 20.439       20.2574 20.1087 20.3114 20.7083 20.4812 20.4929 19.736  20.2278 19.3447 20.2028 19.721  19.3769
22.9319 23.1785 22.6341 22.5651 23.7691 22.8246 23.2839 22.9889 22.038  21.5746 21.1262 20.5197 20.3578 20.1329 19.5655 19.4932 19.8747      20.3081 20.5202 19.4744 20.145  19.4277 19.6263 18.8226 19.1212 18.702  19.3915 19.4833 18.9348
22.9658 22.6328 22.7526 22.8833 22.5858 21.9703 22.0087 21.4192 21.8102 21.0527 20.5657 21.2568 21.2502 20.6279 19.8499 19.7746 20.0653      19.7039 19.6549 19.8668 19.1006 19.762  19.9825 18.8544 18.8224 18.882  18.8722 18.6366 18.7502
21.8574 22.8674 22.3757 23.2308 22.6513 21.9413 21.6516 21.7214 20.9613 21.559  20.5416 20.1184 19.8223 20.3557 20.6263 19.9473 20.5197      20.5824 19.7127 19.747  19.543  19.5133 19.3891 18.7867 18.959  19.4938 18.8938 18.6674 18.8156
23.0653 23.2484 22.6116 22.4567 22.2079 21.9038 22.4357 21.3775 21.8321 20.569  21.6363 20.6633 20.8584 21.743  20.3611 21.5162 21.2734      20.254  21.419  20.0457 19.9599 20.3149 20.6967 19.4329 19.2641 18.9889 19.2012 20.3898 18.906
20.5401 20.5655 19.6716 20.678  20.155  20.5393 19.4258 20.3654 19.3901 20.1571 19.3526 19.6375 19.1094 19.8828 19.3604 19.4721 18.8738      19.8895 19.1855 18.6751 19.1795 19.2075 18.944  18.9129 19.2782 18.5524 19.0351 19.1705 18.8639
22.8286 22.957  22.2557 22.291  22.4783 22.0098 22.316  22.1381 21.7256 21.3234 21.3195 20.7046 21.9721 20.6945 21.9106 21.3041 21.3294      20.4873 20.3349 21.3341 20.5266 20.4174 20.5434 20.1622 20.0053 20.1721 19.5913 20.4776 19.1638
21.6965 21.8891 21.8491 21.6376 20.8403 20.9251 21.1664 19.8192 21.0392 20.7104 20.0899 19.7125 20.8079 20.4548 19.0888 19.2084 19.6642      18.8662 19.2975 19.2907 19.0157 18.9032 18.8216 19.0769 18.7237 18.7775 18.391  18.6022 18.6996
22.6132 22.1368 22.6992 22.358  22.1832 22.1546 21.5706 21.8318 21.1793 20.4965 20.9455 19.4652 21.4854 20.7231 19.8928 20.2613 20.3503      20.6662 20.3938 18.9679 19.8122 18.7546 18.7493 19.2353 19.7004 18.8837 18.54   18.4171 18.7928
21.9297 21.9889 21.9176 22.1966 22.1885 21.8004 21.7168 21.428  21.4659 20.6299 20.5646 19.9242 20.3952 19.4792 19.5074 19.4653 19.8435      19.725  19.301  18.4206 18.4829 19.4589 18.5829 18.7823 18.7667 18.3188 18.5819 18.9321 18.1557
22.8047 22.6322 21.8374 22.1599 22.3551 21.3009 20.4664 22.8696 20.8769 20.3443 20.8326 20.1615 22.7893 19.8973 20.5179 19.9473 20.6226      19.8496 19.1055 20.9797 19.7865 18.854  19.2151 20.0062 19.1287 18.6998 19.2035 19.1547 18.7795
22.2516 23.062  22.9238 22.8109 22.3436 21.3257 21.5751 21.8184 21.0273 20.976  20.8747 21.0489 21.4029 20.5994 19.8321 19.6578 19.4554      19.3718 20.8173 19.7806 19.1159 19.2378 19.0357 20.1385 18.6869 19.8568 18.9464 18.6054 19.0243
21.7061 22.6274 22.2362 22.1753 21.6109 21.061  21.201  21.2302 20.3513 20.66   20.5983 21.1426 20.8222 19.4065 19.8017 19.6108 19.5498      19.7127 19.799  19.148  18.6661 18.5461 18.5328 19.3127 18.7392 18.9926 18.3117 18.7384 18.6718
21.6357 22.2183 22.0109 22.0784 21.9968 21.2608 21.1527 20.9328 20.6382 19.9173 20.6235 20.2637 20.3412 20.1187 20.1398 19.5531 19.4117      18.6935 19.777  19.1531 18.8841 19.1474 18.8376 18.7188 18.0553 18.1908 19.0093 18.2433 17.9805
scan_block_params 1000 10000 | tee 1000-10000.dat
20.9465 21.5227 21.857  22.0194 22.2381 22.4753 22.6463 22.9216 22.8823 22.524  23.0323 23.0392 22.5203 23.052  22.4306 22.579  22.5192      23.151  23.0426 23.0263 22.0004 22.3501 23.813  23.2034 22.3796 22.4141 22.6221 22.2341 22.7363
20.9927 21.6565 21.794  22.1943 22.6215 22.6881 22.2443 22.7777 22.76   23.1749 22.8742 22.3949 22.4526 22.4764 21.7468 22.0031 22.6362      21.9839 22.6335 22.5267 23.2957 22.7744 23.1776 22.6313 21.9035 21.629  22.2838 21.8093 21.9661
21.8677 22.3449 22.2654 22.9938 22.4557 22.5383 22.952  23.2418 22.3233 23.1984 22.7802 23.2707 22.7046 22.1468 22.0103 23.2479 21.5905      23.3849 23.2514 23.0944 22.3644 22.2803 22.9309 22.3175 22.3802 21.9488 23.3261 21.5379 21.5114
22.7417 22.6547 22.6584 22.9726 22.821  23.059  23.2812 23.4207 23.1354 23.1473 23.368  23.8805 23.3394 23.1455 23.1344 23.6029 24.1203      23.2529 23.1639 23.1182 23.5378 23.9442 23.1673 23.3424 24.341  22.7547 24.1465 23.4074 23.1534
22.1501 22.4014 22.5959 23.0781 22.9398 23.414  23.059  23.2477 23.413  22.946  23.1282 23.4529 23.1951 23.3279 22.5343 22.8722 23.113       22.9496 23.3409 23.0384 23.0462 21.9852 21.6014 21.9579 21.5552 21.3809 21.323  22.6192 20.9028
22.1742 22.5391 22.64   22.8578 22.951  22.2146 22.6313 22.7025 22.767  22.8337 22.743  22.5369 22.3692 22.3616 20.9937 22.1778 21.8663      22.6185 22.1585 21.8465 22.1208 21.8596 22.0445 21.9263 20.5719 20.5478 20.9465 22.1255 20.2982
22.3737 22.5943 22.9303 23.1245 22.7839 22.8957 23.239  23.5657 22.2343 22.7331 23.3282 22.3504 23.0753 22.2616 22.7449 22.6548 22.7135      22.9083 21.2953 22.4252 21.6562 21.3511 21.9428 20.3767 22.1438 20.6411 20.5577 22.2045 20.4275
22.2393 23.0837 23.0346 23.673  23.8262 22.9926 22.7218 24.1397 23.9977 23.2842 23.3978 22.0659 22.4544 20.8563 21.1245 21.0335 20.7148      20.3383 20.0387 19.9245 20.2872 18.9877 20.0172 19.3291 19.6969 18.9358 19.3959 19.5991 19.0378
22.6564 23.0057 22.9465 23.1198 23.8181 22.308  23.2209 23.8843 21.8959 22.6403 22.0032 22.1682 23.5464 22.8501 22.8077 23.3664 22.104       22.6371 21.7005 22.2761 22.6449 21.1798 21.8377 20.7993 21.4617 21.1444 20.1568 21.0862 19.9289
22.1013 22.084  22.6743 21.8378 22.0071 21.0854 21.225  20.6999 20.3973 19.9777 19.7437 20.1806 19.458  19.6805 18.8603 19.7976 19.5706      19.3909 18.5684 18.6712 18.2946 18.4747 18.2578 19.9205 18.2395 18.333  18.5659 19.0593 19.6302
22.4239 22.4167 22.0743 22.6595 22.2319 23.0451 22.2923 22.6796 21.9229 21.6974 22.5182 21.6402 21.8908 21.2974 21.1754 21.511  21.2101      21.8606 21.2094 21.1399 20.4203 21.2404 21.0513 20.104  20.2016 20.2061 20.5882 20.1913 19.7731
22.117  22.2116 22.0173 22.9332 22.6799 22.6585 23.0984 22.8788 22.9649 22.7252 20.8391 21.1005 21.0942 19.9352 19.9691 20.8004 20.5001      19.6474 18.766  19.9907 19.419  20.1355 19.3151 18.7046 18.3195 18.3388 18.3164 18.665  18.2979
22.1941 21.7539 22.1613 22.5208 21.6183 21.874  21.4617 22.2735 21.4368 21.2833 21.0298 22.2125 21.7199 20.4694 21.0228 20.4059 21.2407      21.2527 21.0222 19.8535 20.4173 20.1588 19.8838 20.5647 20.2961 19.8612 20.2086 20.187  20.1393
21.7003 22.3262 22.5758 22.3788 21.825  21.7191 21.0681 21.6047 21.5695 21.3579 21.2723 20.7595 21.0118 20.7668 21.382  19.3149 19.6112      20.7482 19.5714 19.1946 19.1241 20.3696 20.1222 20.2623 19.9346 19.7026 19.0864 18.5734 18.5887
22.3858 22.3971 22.3794 22.4982 22.6329 22.3259 22.1826 21.6864 21.3358 21.7243 21.3972 21.3624 21.4286 20.118  20.7281 19.9997 19.3953      19.3313 19.2273 20.6689 19.0887 19.1416 18.8987 18.5472 19.6607 19.2475 18.4728 20.0768 18.4276
22.1235 22.4419 22.7359 22.3771 22.3001 22.0035 22.613  21.7709 22.134  21.2462 22.3456 21.3658 21.2205 20.5536 20.1246 20.9666 19.9938      20.8893 20.5175 19.2465 19.0577 18.8728 19.219  18.838  19.543  19.9321 19.415  18.6837 19.3389
22.2916 22.6649 22.6446 23.043  22.2147 22.2828 22.3061 22.3037 23.1833 22.6792 22.0368 22.103  20.7392 20.402  20.4236 20.7704 20.6781      20.3031 20.2684 20.8921 19.8963 19.4973 19.1217 20.0291 20.1813 19.6208 20.2443 19.335  19.2728
21.8984 22.1602 22.1639 22.4861 22.3392 22.2632 22.0324 22.2158 21.3884 21.0198 21.0714 20.9527 20.4793 20.7012 20.9323 20.6123 20.8225      20.4352 20.5686 18.9416 20.3486 20.2301 19.479  18.6247 18.6847 19.0212 18.4339 19.2456 18.3332
22.2715 22.5668 22.3185 22.7395 22.5152 21.7973 22.6461 21.7186 21.2622 21.3696 21.457  21.2222 21.4065 19.6755 19.9229 20.5679 19.4526      20.2683 19.3798 19.2908 18.8565 19.9562 18.7051 19.9291 18.5977 19.5978 18.5167 18.6257 19.3432
22.8017 21.8412 21.4458 21.9149 21.8323 21.5475 21.8023 21.946  21.9477 21.4552 20.9056 21.1252 20.4626 21.4375 20.9796 21.3776 20.8735      20.3226 20.1067 19.9917 20.7225 19.661  20.3817 20.0899 19.2687 19.758  20.1302 20.0903 19.6186
22.3201 22.7432 23.4647 23.041  22.884  22.9867 21.9306 20.9691 21.1713 19.9541 19.761  20.0933 19.8922 19.9741 20.0897 19.1693 18.8714      18.5829 19.3066 19.1887 18.9019 18.1568 18.0386 19.5264 18.3992 18.0093 19.082  18.8288 18.1566
22.8823 23.6697 21.6397 22.4522 21.6074 22.477  23.9502 20.9257 23.4782 21.0074 23.7868 20.8782 19.9052 20.1026 20.7654 19.6728 20.2061      21.1158 20.6969 21.2794 19.8667 20.1822 19.8838 19.9808 20.3274 19.7607 19.6892 19.5134 19.3806
21.3385 22.0826 22.0863 22.9136 22.5048 22.0536 21.9931 21.7856 21.3136 21.1935 20.0785 19.9705 19.8272 19.6116 20.3504 20.7337 19.9117      19.3706 20.3438 20.1165 19.229  18.9608 19.1228 18.9971 18.8734 19.6274 19.2994 18.6746 19.3136
22.5204 23.2463 22.7451 23.0566 23.0554 21.328  21.8457 21.9432 21.0777 21.1416 20.4534 23.5672 20.4518 20.8515 20.0557 20.0766 20.5834      20.4012 21.2265 19.9551 20.8039 20.8896 19.805  20.6604 20.2088 18.9543 18.6555 18.9026 20.2066
21.9734 22.3718 22.1347 21.5132 22.2558 22.1297 21.7651 20.9734 20.8755 20.8502 20.5713 20.6541 20.048  20.4805 20.366  20.0613 19.993       20.1497 19.8446 19.6194 19.4985 18.6889 19.3442 18.3826 19.6058 19.4578 18.0982 18.8888 17.9833
21.0784 21.1823 20.0495 19.3557 20.2221 20.1364 19.7509 19.4896 19.1366 19.3389 19.1949 18.8293 19.4455 19.2978 19.2042 19.1357 19.2361      19.3947 18.0562 18.9328 19.2227 17.8486 18.3917 18.1232 18.8804 18.1531 17.8259 18.2328 17.9269
21.9335 22.1481 21.6402 21.7619 22.2358 21.5949 20.8744 20.8891 20.8346 20.7302 21.0259 20.8137 20.5533 20.9727 20.9121 20.4861 21.2564      19.9083 21.1011 20.4564 20.815  20.6876 20.2666 19.7179 19.2781 18.5594 19.7225 20.3746 19.2853
21.8834 22.3327 22.2781 20.9807 21.5747 19.7387 20.5418 19.7558 20.1951 20.5571 19.7236 20.1497 20.1013 19.028  19.148  19.68   19.6364      19.5461 17.861  18.1164 19.5202 18.3423 19.3761 19.4185 17.9629 18.3356 18.0116 17.8648 17.826
21.8187 21.8358 22.4054 22.092  22.1193 21.7211 21.2259 21.0074 20.6903 19.9547 19.9728 19.0943 20.3696 19.1251 19.8561 19.7128 18.5717      20.2609 19.9928 19.979  19.7183 18.9797 18.4192 18.3201 19.523  19.3579 18.9878 18.2691 19.1306
21.757  22.1141 22.2012 22.2783 22.2137 20.746  21.3984 20.2657 20.8693 19.4999 20.5375 19.3507 20.1957 20.1836 19.631  18.6831 20.0754      19.574  19.4944 18.5073 18.9141 18.6383 17.7143 18.7249 18.881  19.1383 19.1594 18.2801 17.9291
21.3526 21.3124 23.5728 21.8243 21.263  23.0178 20.3736 21.2496 21.1582 21.5658 20.4337 20.5378 19.555  19.3058 21.2741 20.8995 20.2355      20.0719 20.4471 20.305  19.4056 19.992  20.1668 19.3547 18.658  18.6518 19.3031 18.8853 19.7871
