Linear scale (close to the optimum):
		4	5	6	7	8	9	10	11	12	13	14	15	16	17	18	19	20	21	22	23	24	25	26	27	28	29	30	31	32	
	_______________________________________________________________________________________
2	|	21.384	21.8032	22.0218	22.4511	22.4526	22.7628	23.5006	23.069	23.4967	22.7169	23.1594	22.8682	23.0161	22.6508	23.1431	22.3697	22.8618	23.208	22.8966	23.7017	22.1125	23.3936	23.3549	21.8219	23.7988	23.4913	22.6798	23.5092	23.4279	
3	|	21.8121	22.2644	22.0488	22.3498	22.4284	22.9146	22.6294	22.6383	22.405	22.9889	22.4845	23.185	22.097	23.0469	22.7477	22.2008	22.7979	22.6674	22.5743	22.9381	22.7369	23.1873	23.0154	21.418	22.4308	22.0248	21.6167	21.832	22.887	
4	|	22.4087	22.7594	22.7701	22.8322	23.5537	23.3482	22.9019	23.2989	22.5222	22.9193	23.1613	23.4745	23.2654	22.6127	22.3467	23.4396	21.448	22.695	23.574	22.8955	23.1412	23.272	23.9053	23.403	21.3983	22.2837	21.7838	22.2121	21.812	
5	|	23.1093	23.5552	24.0197	23.7978	23.6191	23.7679	23.5444	23.6238	23.581	23.7589	23.3251	24.426	23.698	24.7517	23.371	23.1104	23.1868	23.3148	24.3185	23.2615	24.2654	24.551	24.1733	24.6113	24.4887	23.9404	24.8502	23.168	23.4503	
6	|	22.3912	22.8003	23.237	23.2002	23.3264	23.6501	23.8061	23.2932	23.6421	23.1017	23.2891	23.9462	23.5252	23.7284	23.7459	22.9792	23.3101	22.5158	22.1766	22.539	21.9386	23.5245	22.4045	22.2501	22.1086	22.0286	21.4674	21.4752	21.391	
7	|	22.2939	23.089	22.9961	23.5357	23.6342	23.2107	22.9563	23.1707	23.2171	22.9468	23.5327	23.509	22.8983	23.341	22.8415	22.614	21.2541	23.0151	23.2083	22.9091	22.8926	21.4677	20.927	21.0217	21.1062	21.1223	21.04	22.1696	20.9534	
8	|	22.5522	22.6768	23.4001	23.466	23.3914	23.4134	23.392	23.7788	23.9949	23.8776	24.2071	23.3635	23.1466	23.3086	23.509	22.5221	22.9124	22.0587	23.0896	21.1667	23.5824	23.3089	21.937	21.5284	22.6993	22.0647	20.8253	21.0559	20.8752	
9	|	23.7801	23.0003	23.1993	24.1288	24.9117	23.5902	24.362	24.6876	22.2286	23.1771	23.3334	22.007	23.2181	22.1674	22.233	21.719	20.7955	21.3401	20.7415	20.5285	20.8007	19.8994	20.6016	20.4932	20.2633	19.637	20.6108	20.2695	20.5122	
10	|	23.5316	23.3822	24.5579	24.0938	24.0526	23.4242	22.9295	24.3248	23.116	23.755	22.5206	23.2491	24.7673	23.1702	23.7129	22.926	23.4827	21.7448	22.8449	22.6988	23.3081	22.3622	22.0309	22.0683	22.3367	21.6328	21.354	21.3623	21.352	
11	|	22.5122	22.7116	22.584	22.7332	22.6068	21.8831	21.818	21.6413	21.0717	20.5494	20.49	20.7605	20.2111	19.9664	20.6061	20.3899	20.0196	19.0556	19.049	20.2669	19.3813	20.3127	19.5649	19.0829	20.5426	18.9214	19.9431	19.1556	20.1927	
12	|	22.4635	23.3888	22.7113	22.9363	23.896	23.4454	23.3477	22.8016	22.5546	23.5078	22.5685	22.8255	23.0181	21.7068	22.8777	21.9443	22.6709	22.7113	21.9334	22.1756	21.6033	22.0354	21.9345	20.6742	21.6387	21.5155	21.3614	20.9479	21.3268	
13	|	22.5889	23.2943	23.3919	22.5238	23.5856	23.6853	23.4664	23.7295	23.4968	22.6377	22.1891	22.158	20.7401	20.7338	21.1174	19.8164	20.6974	20.8696	19.1582	20.6759	20.639	20.2655	19.2181	20.4515	19.9507	19.3442	19.2937	19.1108	20.1788	
14	|	23.3942	22.6628	23.7125	23.3723	22.9944	23.4234	22.3738	22.7604	21.9824	22.6249	22.313	21.7369	22.5658	21.9408	22.5633	22.4026	21.7539	22.097	22.0595	21.0253	20.6875	21.2772	20.2592	20.4501	20.7078	21.0844	19.8306	20.7865	20.6835	
15	|	22.5167	21.821	22.9842	22.8502	22.8866	22.2563	22.2536	22.1961	22.4041	22.1408	21.3033	21.6055	21.9345	21.2165	21.6667	21.4614	19.8958	20.1649	20.413	20.4875	20.2053	19.3558	20.9889	20.799	20.795	19.2382	19.6619	19.0866	20.2099	
16	|	22.4332	22.8041	22.8424	23.1868	23.1309	22.936	22.5974	22.47	22.3284	22.8346	23.0293	21.6753	21.4691	21.096	21.957	20.331	21.3784	21.2635	20.9728	19.6163	19.6921	19.9456	19.0521	20.7955	20.279	19.2303	19.1755	19.2442	20.4979	
17	|	22.9403	23.0227	23.0562	23.3127	23.1827	23.2385	23.1904	22.5758	22.996	22.1147	22.7521	21.9374	21.9686	21.0227	21.3515	20.3874	19.9433	19.3299	21.4343	19.6903	20.4798	21.1407	20.1877	20.4943	20.2735	19.2374	19.6636	18.9489	20.3909	
18	|	23.4278	23.7317	23.4458	24.764	24.491	23.1624	24.0133	23.4515	23.5633	23.0534	22.1119	23.4139	21.3592	21.4152	21.678	21.1863	21.7245	21.3542	21.3445	21.586	19.8569	20.4734	19.5379	20.7028	21.311	20.6466	21.0383	20.4433	20.2866	
19	|	22.659	22.7889	22.9713	23.3191	23.011	23.0369	23.0093	22.542	22.3671	22.7292	22.4248	22.4159	22.0679	21.0735	21.122	21.6755	20.2839	21.2271	19.6511	21.422	20.0046	21.1373	19.1331	20.7884	20.7695	19.2039	19.0226	19.0343	20.5393	
20	|	22.9741	23.1861	23.2615	23.7067	23.7553	23.5528	23.3202	22.3172	22.7157	22.016	21.1902	22.3603	21.9349	21.7452	21.1889	20.8141	20.0946	21.0466	19.9246	21.4969	21.0836	19.8865	20.2803	19.6483	20.8396	20.2269	20.6466	19.7921	19.0969	
21	|	22.7013	21.9668	22.711	21.8012	22.8365	22.3227	22.5366	23.0409	21.5523	22.628	22.3499	21.6757	21.8276	22.2337	22.2683	22.1095	21.8341	21.0263	21.7143	21.2321	21.6054	21.3583	21.2113	21.2454	20.8293	19.9927	20.3777	20.8671	20.3692	
22	|	23.5828	23.139	23.3169	23.757	23.9351	23.3059	22.8265	22.231	21.4853	20.6541	21.4108	21.0875	21.1885	20.6196	19.7838	20.7469	20.629	20.3851	20.0541	18.8639	19.1657	19.7918	19.0896	20.2749	19.6812	19.8293	19.5919	19.9094	19.1986	
23	|	22.1921	23.5807	22.4602	22.5143	23.5116	23.0513	25.1626	21.519	24.478	21.2847	24.4504	21.8705	21.1242	21.5774	20.6667	21.1057	20.6864	22.4419	21.6809	22.1751	20.5148	21.2985	19.9864	19.9165	20.8863	19.5929	20.0496	19.5049	20.2538	
24	|	22.7772	23.4297	23.2864	23.1168	23.3385	22.5942	22.7195	22.2505	22.4285	22.0298	22.2012	21.8289	21.2287	21.2306	20.9709	21.7945	21.2767	21.3607	21.0808	20.0489	20.014	19.3201	20.513	19.6305	19.498	20.5755	20.3692	19.2488	20.2298	
25	|	23.242	23.4423	23.1337	22.7539	22.3838	23.9799	21.7657	22.6038	21.9577	22.6842	22.1219	24.7752	21.886	20.5628	20.4187	20.2249	21.0246	20.6247	21.7118	21.1459	21.8	21.5485	19.5521	21.7246	21.1042	20.8363	19.5767	20.1734	20.9166	
26	|	22.464	22.7032	22.9694	21.9864	22.6862	22.8697	22.4313	21.6283	21.3757	21.2261	20.92	20.6915	20.3669	20.6014	21.0881	20.3405	21.201	21.0866	19.2185	20.9722	19.403	19.7612	18.9287	19.6206	20.2998	20.4431	18.597	18.7774	19.2763	
27	|	21.9414	21.7408	20.8806	20.3766	20.5458	20.563	20.3346	20.6604	19.9589	19.7902	20.0127	19.7022	19.7136	19.4391	19.9504	18.8672	19.3614	18.7922	18.5768	18.9504	18.9763	19.9017	18.6773	18.5478	19.1349	19.6511	18.2685	19.459	18.9535	
28	|	23.0951	23.3651	23.1194	22.6328	22.7345	22.2344	22.4522	22.3065	22.1808	21.0632	21.9513	21.0538	20.7216	21.9985	21.4818	21.5785	22.1643	21.2719	21.7007	20.7825	20.983	20.4937	21.0752	20.7497	20.6245	20.0929	19.5821	20.7262	19.9765	
29	|	22.312	22.9956	22.4737	21.5647	21.879	20.8655	20.863	20.115	20.8804	20.4792	19.8586	20.7438	20.9285	21.1016	21.2066	20.5152	19.9299	19.8106	18.4477	20.1136	18.6263	19.6747	18.8643	20.0216	18.7042	20.081	18.3998	19.818	18.3696	
30	|	22.4696	23.1021	23.065	22.6974	23.061	22.8881	22.2886	21.7184	21.357	20.5642	21.2732	21.0506	20.9588	21.3622	21.4347	20.9247	20.6064	19.8885	20.655	19.7826	20.6135	20.1223	20.1853	19.2494	20.0866	18.6685	18.728	18.9729	18.5542	
31	|	22.0016	22.14	22.4054	23.0484	21.5924	22.4773	21.997	21.525	20.5914	21.2824	21.1611	21.1149	19.5615	21.2321	19.3145	19.2348	20.7397	20.6793	20.2208	20.0206	18.5217	20.0273	18.1141	18.5397	19.3821	18.556	18.5911	18.4719	18.5297	
32	|	23.4597	22.452	23.6467	22.2553	23.0094	21.8579	21.996	21.1287	22.1589	21.7188	20.7507	21.2129	20.4368	20.914	22.1709	21.556	20.8674	21.1163	21.4501	21.2697	19.2038	20.3675	20.7505	20.3744	19.7892	19.5816	20.7299	19.515	20.2684	
