23.8549	24.934	25.4556	25.938	27.0138	26.4378	26.0352	26.6184	26.5925	26.5973	26.7259	26.2701	26.5022	27.1381	26.64	27.0598	27.0783	27.2661	26.5683	27.2916	26.5048	26.936	26.6953	26.4623	25.8076	26.3928	26.4306	26.2454	25.6205	
24.1218	25.6698	26.4915	26.0002	26.3519	26.7611	26.7633	26.4613	26.2917	27.0863	27.3438	26.9801	27.1043	26.7839	26.4482	25.3877	26.4352	26.659	27.1514	26.8577	26.469	26.1479	26.9306	26.2881	26.5266	25.8103	26.9614	25.6121	24.5848	
24.9197	26.1153	25.8707	25.9455	24.8802	26.0449	25.5041	25.6413	26.627	24.1537	26.1684	24.4638	23.7741	24.1072	25.0856	23.4836	23.8995	23.6312	23.003	22.7933	22.8089	22.1459	21.8549	21.9905	21.9217	22.1687	21.938	21.7681	22.413	
26.1475	25.9943	25.5397	25.6261	25.5922	26.1199	26.456	27.5622	26.4843	27.3414	26.3423	26.0939	26.1214	27.185	26.4982	25.1123	25.5464	25.0408	24.2834	24.3344	24.0426	23.3501	23.1095	23.1829	22.8116	22.4433	22.3328	22.6721	22.4299	
24.709	25.5528	25.6362	25.8447	25.7998	25.5325	26.5214	25.5497	25.5674	27.0928	25.9244	26.5091	25.4268	25.9769	25.8161	25.3487	25.6641	25.2189	25.8698	24.6921	24.1504	24.3702	24.2964	23.4458	23.8158	22.6655	22.7134	21.7347	22.1379	
24.924	25.3988	24.3721	24.3463	23.5873	24.0507	26.3787	24.8628	25.7446	24.5999	23.9164	23.0938	24.2715	22.2299	23.0333	21.9079	23.7649	22.0277	22.5075	22.4297	22.615	22.6754	21.729	21.3727	21.5666	21.381	22.1796	21.993	21.4395	
25.1256	25.6789	26.0482	25.6437	24.4532	26.0869	24.4701	22.9778	21.7824	22.8199	21.198	21.4849	20.9421	20.97	20.9332	20.9496	20.4281	20.3122	20.433	20.3379	20.6498	21.0341	20.7767	20.0838	20.1994	19.8574	20.006	20.2395	20.1525	
24.9874	24.1073	24.8899	23.7485	24.7188	23.9984	23.5174	23.0737	23.1144	23.1615	23.0764	24.405	22.7268	22.7849	23.8662	23.2888	22.5934	21.3431	21.9359	21.6442	21.2486	20.8765	20.9835	21.1289	21.1606	21.5667	21.019	20.6003	20.6096	
23.8073	24.1415	24.6366	24.557	24.8716	25.0043	24.4705	22.9728	23.9051	24.251	23.8419	23.715	24.3722	22.9049	23.0074	23.1251	22.1794	22.1765	22.2561	22.0401	21.3319	21.9548	21.611	21.794	21.1728	20.8232	21.6786	21.3297	20.942	
24.5965	25.4503	24.4953	24.5593	25.0418	25.1058	24.6418	23.1773	23.6351	24.0654	24.0109	22.7964	22.4469	21.9431	22.4463	21.2201	21.9166	21.4906	21.0657	22.1278	20.5286	20.5703	20.8163	20.4423	20.2717	20.3375	20.1949	20.2588	20.0588	
24.658	25.2247	24.2123	25.0095	24.3775	23.9205	24.2598	23.8295	23.5881	23.4447	22.7276	22.4927	22.0581	22.2337	21.4577	21.373	22.3856	21.3661	21.654	20.6545	21.6152	21.032	20.8235	21.1167	20.6944	20.7531	20.2977	20.467	20.934	
23.9111	25.0835	25.0233	23.8507	24.3509	24.2315	24.1691	22.8196	23.3468	23.3889	22.0638	21.5112	21.4345	21.3991	21.809	21.2023	21.0317	20.8037	21.3119	20.5332	20.7662	20.4271	21.0722	20.9959	20.1796	19.9512	19.901	20.2115	21.0642	
24.184	25.6353	23.9753	23.8298	24.2194	23.1926	24.7644	23.0739	22.9317	22.4501	21.9161	22.127	22.8134	21.5054	21.3805	21.2006	21.0992	20.9965	20.7317	20.9402	20.9815	20.794	20.6317	20.0458	20.2654	20.4311	20.7153	20.3207	20.4134	
24.5719	25.075	23.8988	26.1538	24.3608	26.0217	25.9997	21.917	22.1665	22.0775	21.5299	22.4851	23.0455	22.9605	22.0483	21.2568	21.0995	22.3268	21.642	21.283	20.8754	21.3201	20.9186	20.5365	21.5033	21.04	20.6378	20.3957	20.6805	
22.0557	22.5682	22.5969	21.3284	21.323	20.3026	20.8046	21.856	20.8719	20.6173	20.4945	20.337	20.5075	20.2069	20.9598	20.7067	20.8666	20.153	20.2538	20.4767	20.1416	20.4084	20.1891	19.9911	20.0287	19.7786	20.1071	19.8373	20.2791	
24.3665	24.4625	23.4031	24.549	24.4717	23.0915	23.5925	22.8887	21.721	21.9666	22.3719	21.7436	21.4424	22.3455	20.7675	21.6688	22.6522	21.6833	21.5582	21.8231	21.0055	20.4102	20.7698	20.3382	20.1429	20.0123	20.3052	20.3502	20.5734	
24.5187	24.1221	23.7693	23.9521	23.194	23.961	22.7775	21.4843	22.5461	22.9659	21.9035	21.9891	21.4556	21.9829	21.1822	20.9385	20.7205	21.4822	20.4039	20.0928	21.1141	20.0185	21.2472	19.8648	19.888	20.5336	20.1062	19.8283	19.7939	
24.7525	24.1314	24.4727	23.4037	24.3932	23.7883	23.2813	24.2123	22.0125	24.6477	22.1315	21.9471	21.6867	20.7338	21.4575	20.7593	21.3974	21.7451	22.3608	20.2151	20.2098	20.4583	21.2844	20.7714	19.9654	20.1989	20.2456	20.0477	20.0094	
23.6285	24.0685	24.9335	24.3574	23.0413	22.687	22.7808	23.4004	22.5168	21.8569	22.0308	21.4458	21.6522	21.1181	21.5567	21.2496	20.9838	20.6424	21.2451	21.5403	20.8086	20.5318	20.9276	20.0317	20.1802	20.2235	20.3463	20.5282	20.3192	
24.4782	24.6733	23.6685	23.9512	24.4817	22.5905	23.0179	21.8685	21.6015	21.0675	21.1052	21.74	20.7063	20.3461	20.9883	21.4129	20.3547	21.5178	20.156	20.1745	19.9419	20.3919	20.3077	19.95	19.774	19.9085	19.6706	20.3368	19.9442	
24.9522	25.3571	24.3135	24.4717	22.5767	23.0782	24.876	21.6409	20.794	21.2544	20.6809	22.9053	22.6266	21.8925	20.3397	20.727	20.0018	21.1996	20.9543	20.0864	19.7607	21.1869	20.4007	19.933	20.6802	20.2927	20.3228	19.7903	20.012	
23.868	23.2838	23.6716	24.4353	23.4043	22.268	21.8955	21.2499	20.9953	20.9499	20.9221	20.6161	20.2768	20.6216	20.3172	20.1442	21.0175	19.8048	19.873	20.0506	19.7961	19.918	19.9763	19.415	19.5459	19.5523	19.5434	19.4639	19.8348	
23.6443	23.9752	23.8025	24.9087	23.2741	22.2621	23.3273	22.6961	21.8166	20.4792	22.1029	20.7071	22.1784	20.3452	20.7133	21.295	20.5372	20.8861	20.2235	20.543	20.1532	20.0834	19.8301	20.7565	20.1097	19.7011	20.5013	19.8056	19.9498	
23.8757	23.4722	24.0999	23.3433	22.8759	23.0153	22.7547	22.4522	22.6424	21.4273	22.7111	22.2488	22.2713	22.624	21.3945	22.0492	22.3059	21.1156	20.8955	21.3957	21.3433	20.7393	20.9118	20.4333	21.1057	20.3011	20.0054	20.1328	20.9097	
24.2851	24.3925	23.0347	22.677	22.1261	21.7869	22.0262	22.3814	21.3676	21.7749	21.8762	22.2204	21.1642	21.716	20.4643	21.4206	21.4472	19.7624	20.6056	21.4044	20.8375	19.8199	19.6508	19.8816	20.2176	19.5073	19.2223	19.5598	19.7978	
23.3611	24.5208	23.1459	23.4349	22.8265	21.2275	20.1533	21.7435	20.8709	19.6891	20.6063	20.5499	20.5109	19.8826	19.6611	19.8964	20.1463	19.4652	19.682	19.5606	20.5712	19.8625	19.2815	19.411	19.4074	19.2832	19.4271	19.4167	19.3442	
23.4424	23.6246	23.5554	23.509	22.1432	22.614	21.0654	22.0299	20.881	21.9216	22.6976	21.0092	21.0744	20.8303	20.2411	20.6347	19.7719	20.414	20.0003	20.089	19.5635	20.3856	19.5346	19.9633	20.3412	19.4943	19.2245	19.8838	19.3253	
23.4312	24.2426	23.3152	24.0108	22.5838	22.1268	22.3202	21.8558	20.8809	21.294	21.1793	20.9556	20.6382	20.8012	20.3372	20.0934	21.1535	20.0334	19.8852	20.9841	20.8216	19.6746	19.9466	19.8838	20.8964	19.3828	19.8387	19.4672	19.562	
23.2925	25.8703	23.004	23.5346	25.2827	22.7973	22.3521	21.372	22.852	21.5226	22.1465	21.7073	21.076	20.9673	21.3074	21.3558	21.7211	20.2263	20.9481	21.0138	20.2367	20.4035	20.016	20.2319	20.0256	20.0291	20.6665	20.1633	20.5745	
23.5849	24.1847	22.8045	23.284	24.8174	21.8108	21.5347	21.2075	21.5676	21.8589	21.0033	21.7153	20.6758	21.4605	20.6615	21.1551	21.055	19.6883	20.2591	20.0562	20.4451	19.9308	19.5294	20.4892	19.669	19.2403	20.3695	19.704	19.2937	
22.1199	24.165	23.2619	22.6784	22.1933	22.7201	21.1784	21.8793	21.019	21.3949	20.6764	19.946	21.3217	20.5301	21.0285	19.9538	20.5005	21.0206	19.868	19.7236	19.6407	19.7822	19.5482	19.6117	19.3059	19.6195	19.9905	19.4646	19.9891	
