23.9363	24.6241	24.9022	25.3288	25.3477	25.517	25.7738	25.6238	26.1085	26.0703	26.5958	26.1096	25.8374	25.1966	25.9199	26.0108	26.6901	26.1717	25.8723	25.855	25.9158	25.5585	26.2755	25.6128	26.6356	25.5836	25.874	26.025	26.0511	
24.7369	24.8436	25.1581	25.5541	25.9736	26.2664	25.9839	26.8873	26.1184	26.127	25.8266	26.129	27.0287	25.3563	26.7614	25.2198	25.6513	26.3532	25.8605	25.7392	26.1638	25.1323	25.521	26.27	25.4674	25.9133	25.3565	24.874	25.5227	
23.8211	25.0757	25.0768	25.8691	25.2093	25.275	24.4038	25.8271	24.9553	24.9055	23.2151	24.3051	24.0681	24.5724	23.2069	23.3037	22.6041	22.8031	22.8482	22.3576	22.1215	22.2517	22.3217	22.6692	21.996	22.0911	22.1554	21.9683	22.2444	
24.5696	25.2474	25.6625	25.2171	25.5022	26.0872	25.4714	25.3988	25.9704	25.9001	25.723	26.1641	25.0226	26.094	25.1873	24.1832	25.5856	24.675	24.2721	24.0627	23.2285	22.7236	22.514	22.5323	21.904	21.9851	22.4716	22.3476	21.3107	
25.3432	25.3534	24.7892	25.7701	25.4252	25.2164	26.0552	25.3137	25.3355	25.0424	24.8266	25.5607	24.9352	25.0868	24.7439	25.1629	25.2988	24.1311	23.9333	23.9924	22.4894	22.5838	23.4343	22.5387	22.7528	22.4071	21.5501	21.6583	21.3024	
24.7001	25.3164	25.7321	24.3017	24.2537	25.6977	24.1802	23.4639	23.382	24.8822	24.0853	22.8373	24.6582	22.968	22.8953	22.3057	22.2713	22.9005	22.7799	21.9659	21.6065	22.345	21.7017	21.6959	21.549	21.3296	21.1747	20.8251	20.7964	
24.9243	25.5912	25.1419	25.0911	25.0919	24.9564	23.0593	23.136	22.8169	21.7903	21.6798	21.836	21.0329	20.5145	20.8789	20.8279	20.4598	21.2892	21.0562	20.4821	19.8864	20.3598	20.2312	20.5179	19.9279	20.4945	20.0727	20.1426	19.9534	
24.212	24.7107	24.6021	24.5627	23.4751	23.7321	24.5268	22.8553	23.4736	23.8216	22.8175	23.072	24.4819	22.2645	22.3147	22.382	22.0301	21.6751	22.6407	21.2322	21.4059	21.1232	21.0681	20.783	20.6806	20.9558	21.3156	20.4755	20.6069	
23.3482	24.0444	24.5543	23.2147	24.1994	23.7052	23.634	21.6364	23.0537	23.0345	22.6909	22.7963	22.9618	21.8593	21.8858	22.1686	21.2937	21.1139	21.2305	21.3598	21.2317	20.6547	21.1303	20.8907	21.1499	19.8552	20.6951	21.0248	20.4741	
24.5196	24.3975	24.8641	24.348	24.6826	24.1026	23.9355	23.5233	23.0304	23.8521	22.5015	23.586	23.1085	22.6982	21.8729	22.3058	21.3924	20.7653	20.7863	21.0847	21.0079	20.4671	20.2746	20.887	20.0905	20.8937	20.1866	19.8285	20.1483	
24.4461	24.072	24.3052	25.0441	25.4775	25.0317	23.6543	23.7218	24.2887	22.1273	23.5582	22.0516	22.0404	21.7765	21.6369	21.6776	21.081	20.7512	20.5477	21.1065	20.6719	20.1742	20.2149	20.42	20.2482	20.4329	20.3371	20.5443	20.4101	
23.3935	24.179	23.8903	24.3942	23.523	24.5912	23.1248	23.3371	22.3598	22.1093	21.4635	22.6686	21.2801	21.2002	21.2477	21.3435	20.7505	20.6852	20.2367	20.7061	20.8406	20.5333	20.1724	20.1004	20.0027	20.7776	19.6979	20.7294	20.1639	
24.1401	24.6324	24.43	23.9685	24.0563	24.1532	24.3151	23.4418	22.1662	21.8715	22.0554	21.6851	21.2934	21.1626	20.8001	21.1717	22.1772	21.709	21.1251	20.6112	20.4796	20.3103	20.3157	20.1981	20.0012	20.247	20.3036	20.155	20.0547	
23.7188	23.1406	23.2228	24.3047	25.272	22.5518	21.733	21.5976	21.9281	22.7592	21.9123	21.6355	21.5165	21.4387	20.3059	21.713	21.7805	20.8292	21.5372	20.5089	20.6396	20.3569	19.6415	20.3949	20.8466	20.9579	20.7084	20.0589	20.0577	
22.3415	20.6459	22.4693	21.794	21.775	21.7982	19.7887	20.6703	20.2831	20.2675	20.3345	20.5097	21.1341	20.4697	20.9837	20.7645	21.1439	20.0198	19.8218	20.5429	19.8091	19.7871	20.1565	20.1812	20.2436	19.7574	20.6631	19.4367	19.6939	
22.7432	23.9529	22.7599	23.3051	22.9541	21.5938	22.0884	21.95	21.5553	21.0545	21.3744	20.982	21.7272	21.0727	22.3814	21.0428	21.2475	20.846	20.433	20.8495	20.4792	21.0329	20.322	20.3384	20.0702	20.157	20.4507	19.9367	19.2457	
23.8999	23.6415	24.3581	22.7665	24.4624	22.1009	21.7544	22.408	22.6848	21.9693	21.4403	20.5613	20.9914	20.7871	20.8085	20.568	20.597	20.617	21.2198	20.9596	20.6439	19.9402	20.2954	19.7284	19.896	20.6274	19.8046	20.4606	19.5206	
23.5089	24.4653	24.7736	24.4126	23.0606	22.6918	23.0757	22.8326	22.6971	21.4016	21.159	21.1574	20.8718	21.672	20.4246	20.1733	20.1166	20.4638	20.3093	20.6232	20.0042	20.4673	19.3675	19.6345	18.9972	19.9044	19.7778	19.9504	20.0288	
24.0577	23.264	23.631	23.7491	24.2528	23.7496	22.5065	21.4073	21.9184	21.8272	22.0044	21.7466	22.33	21.7989	20.4909	21.4971	20.9479	21.1179	21.2352	20.2347	20.2783	20.3857	20.1315	20.0073	19.678	20.851	19.554	19.883	20.422	
23.5555	24.0471	23.9561	23.9678	23.1596	23.492	23.4568	22.6138	21.6157	21.8848	21.019	20.9526	20.7366	21.4392	20.8475	20.1015	20.0743	20.125	20.024	19.7203	20.0417	19.8499	19.7131	19.8282	19.5608	19.9899	19.6418	20.6087	19.6004	
22.9925	23.9591	24.425	22.7831	22.6013	21.4986	21.26	20.8911	24.6639	21.2619	19.4813	21.3094	20.6942	21.9363	20.1831	20.7146	20.2531	19.7302	20.543	19.5226	20.5546	19.7567	19.6738	19.5585	19.5997	19.7643	20.302	19.2883	19.3234	
23.4803	22.9793	23.2775	22.9928	21.5935	21.8398	21.1659	21.9185	21.0706	20.4424	20.2923	21.1602	20.4057	20.5726	20.2335	21.0707	20.0266	19.8331	20.7998	20.0096	19.7053	19.5609	20.4441	19.99	19.8087	19.5569	20.0794	19.3838	19.1566	
23.7163	24.6421	24.1128	23.425	22.206	23.0397	21.3989	21.8979	21.0167	20.6577	20.9964	20.4519	19.9029	20.607	20.7034	20.9073	20.4683	20.0067	20.148	20.3341	19.7846	20.468	19.5433	20.7788	19.5584	20.1191	19.5617	19.5235	19.5329	
24.1327	24.2415	23.2009	23.4624	22.8386	22.352	22.2236	22.9106	22.0745	21.3005	21.2559	21.6821	21.6864	20.7229	20.8658	20.5382	21.477	20.8958	21.786	21.1492	20.3901	19.6238	19.2576	20.321	20.5415	20.1396	19.8692	19.9437	19.5192	
23.7752	22.3338	22.8147	22.5736	21.4188	21.9657	21.2502	22.0381	20.48	21.1106	20.7654	20.7504	21.0281	19.8919	20.3873	20.3445	20.3719	19.7018	20.4687	20.116	19.9881	19.1322	19.9765	19.4984	20.4064	19.8336	19.2519	19.0627	19.9296	
23.3793	23.3138	22.4921	23.8446	22.1285	22.3358	21.6894	20.2241	21.081	20.6916	21.1317	20.8453	20.8376	20.1856	20.4653	19.6499	19.7398	19.949	20.4979	18.8754	19.9762	19.6437	19.0857	19.2348	19.2277	19.2767	20.1776	19.305	19.0665	
23.1044	23.9805	23.9007	22.7677	22.3711	23.235	21.7541	21.2329	21.6071	20.9336	20.8389	21.7011	20.4335	20.1842	20.3401	20.2416	20.0873	20.3505	20.6098	19.8448	19.6424	20.295	19.355	20.2968	19.522	19.1573	19.243	19.6103	19.9533	
23.5825	23.6705	23.8612	23.2056	22.2134	22.0026	21.8924	21.0666	20.5012	21.1559	20.7225	20.8577	20.545	20.2293	21.3051	19.6651	21.0802	19.544	20.0531	19.4072	19.3694	19.8743	19.5661	19.4678	19.7153	19.3875	19.2338	19.5535	19.3858	
24.0827	23.0795	24.8069	23.1916	22.0842	23.0388	21.5223	21.3102	21.8688	24.4136	23.9306	21.4554	20.9943	21.0329	20.5786	22.2865	20.5378	20.1265	21.1725	21.2357	19.9348	19.4748	19.6728	19.9141	20.6306	19.5683	19.8286	18.9876	19.715	
24.171	22.1269	23.6992	25.0495	22.1292	22.7998	20.4064	21.5039	21.3312	23.3464	23.4944	20.6374	20.1521	21.0317	20.3206	21.3129	20.0412	20.2529	20.2872	18.9489	19.6188	19.7463	19.2082	19.541	20.2369	19.9185	17.976	18.9777	19.0062	
22.9283	20.6053	22.898	21.9752	22.1546	21.6824	21.7791	20.4121	20.8799	20.1244	21.2985	20.4128	21.2499	20.2576	20.3331	20.0661	19.9604	19.7436	20.2529	19.8195	20.6563	19.2145	19.8236	19.4905	19.4954	18.9539	19.5471	19.2219	19.4649	
