24.4598	24.9188	25.9302	26.4199	26.6028	26.7699	26.5052	26.682	26.7959	26.2197	27.029	27.4777	27.2006	26.894	27.1082	26.4078	26.296	27.3919	27.1402	27.0284	26.9501	25.8644	26.9142	27.5369	26.1811	26.6396	27.1754	26.3837	27.3199	
25.2812	25.8949	26.0593	26.4906	26.9488	26.7009	27.4609	26.805	27.411	27.0633	26.7806	27.407	27.2776	27.1049	27.9591	26.6746	27.588	27.1359	27.0359	26.5128	26.9634	26.389	26.3656	27.346	26.1333	25.6286	25.8915	25.3016	25.4042	
25.2688	25.8949	25.6625	26.1383	26.1767	26.0204	26.0388	26.2212	25.7788	25.7035	25.0234	24.709	26.2378	23.9584	25.2653	23.3625	23.3358	22.6047	23.082	23.3796	22.6218	22.7794	22.312	22.9394	22.2576	22.0424	22.2678	22.3633	23.3257	
26.0259	25.4835	27.0995	26.327	26.6544	26.9222	26.6193	27.3157	26.4919	26.9831	25.3496	26.445	26.7609	26.0315	26.1843	25.8741	24.9495	25.1679	25.2267	24.1463	23.7175	22.8914	23.5707	23.6562	22.3029	22.9944	22.9406	22.65	21.8594	
25.6443	25.5668	25.1106	26.1251	26.9066	26.6082	26.5374	25.9175	27.3616	26.2286	26.7209	26.4089	26.244	25.285	26.1988	25.4147	25.0167	26.0743	25.3626	24.7502	24.2062	24.3092	23.7479	22.9688	23.0508	23.0961	22.1343	22.2298	22.2069	
25.3136	24.9695	25.7434	25.6043	25.0789	23.8095	24.2559	24.9352	24.5875	23.3582	22.8577	22.7264	23.6405	22.9426	22.0546	22.4713	22.7171	21.9066	22.1385	23.2887	22.3253	22.1418	22.2207	21.9489	21.9985	21.98	21.8224	21.5125	21.0104	
25.4538	24.973	25.6853	26.7479	25.2327	25.3351	24.9023	23.5052	22.3959	21.2744	22.056	21.0933	22.1162	21.6011	20.9867	20.673	20.9808	21.1212	20.4258	20.3064	20.2398	21.2221	20.5373	21.6776	20.0294	21.5836	20.2343	20.9176	20.5396	
24.4548	25.2087	25.5967	24.546	23.9885	23.9346	23.7281	23.4123	23.572	23.5911	23.2089	23.7975	22.7446	23.7761	22.4342	22.4206	22.5404	21.941	22.0556	21.5446	21.236	21.2527	21.3886	20.8922	21.3719	21.554	20.5943	20.6718	21.9408	
24.4452	24.994	25.6669	24.3446	24.1844	23.4782	23.8438	23.4532	24.2831	23.19	23.8582	23.3176	22.7783	22.9607	23.2142	22.9183	21.9751	22.5387	22.6747	21.8421	22.5367	22.127	21.3436	21.3005	21.677	20.9267	21.1615	21.166	20.6355	
24.9897	24.5901	24.6196	25.3306	24.3989	24.0548	25.4997	24.3755	24.3949	22.977	23.6393	23.3764	22.7988	22.631	22.4032	21.4693	22.4256	21.4705	21.0946	22.2061	20.6729	20.5632	21.5302	20.3129	21.6702	20.4001	20.282	20.6034	20.6707	
24.869	24.9495	24.7119	25.0103	24.8558	24.9596	24.3113	24.0041	24.2787	23.9692	23.2704	22.3269	22.8079	21.4848	22.1574	22.6025	21.1475	21.4468	21.0367	21.2889	22.1473	20.6184	21.3179	21.0049	21.3675	20.7987	21.2402	21.3163	20.7052	
24.095	24.8326	25.0018	23.9054	23.8511	23.9893	23.3013	23.7508	23.6066	22.6885	22.7229	22.5974	21.4749	21.7632	21.4803	22.0255	21.3971	21.8487	20.6951	20.7527	20.7411	20.4985	20.4652	20.2489	20.5227	19.9701	20.0551	21.0249	20.0954	
25.1785	24.5184	25.4568	24.91	24.9825	23.2413	23.2449	22.191	23.0231	21.9535	21.9966	21.9108	21.935	21.2108	21.9107	21.6515	21.1235	20.9731	20.5504	20.7873	22.1099	20.5515	20.5739	20.6744	20.8068	20.3087	20.0916	21.1205	20.1929	
25.1486	25.5282	25.0206	26.6456	23.2228	24.1951	24.149	21.9225	22.5038	23.4037	23.6652	23.8745	21.9683	22.284	21.6562	21.7285	20.792	22.4642	21.1804	21.3702	21.9293	21.9461	20.8217	21.8928	21.3892	21.2192	21.6548	21.1436	20.4286	
22.5226	22.8253	21.641	21.8528	21.7878	20.757	21.1067	21.2908	20.555	20.9299	20.5325	20.8662	20.822	20.9062	21.1687	21.7705	20.0703	20.928	20.7885	20.545	20.8521	19.9991	19.8047	20.4929	19.8179	19.7533	19.8517	19.7388	19.6398	
23.0973	23.3045	24.834	24.0948	23.3467	23.2945	22.2426	23.4526	22.1362	21.58	22.202	23.199	23.1802	21.2553	21.6845	20.9203	21.0589	22.4714	22.3623	21.7459	20.4041	21.4437	20.5241	21.5616	21.1539	20.504	20.4602	20.3247	20.0021	
24.8284	24.2633	24.2981	23.7905	23.8369	22.6815	22.4346	23.0586	22.9436	20.9465	21.321	21.9549	21.4603	21.1488	20.5771	21.3133	20.0847	20.3004	20.6413	19.9475	20.4144	20.1155	20.3874	20.5173	19.9852	20.4197	19.55	19.9012	19.8349	
24.497	24.6545	26.0971	25.6597	26.3281	23.7355	24.7312	22.9881	22.987	21.6224	22.3748	23.957	20.9504	20.6598	21.2071	20.8635	22.7968	22.0467	20.3373	19.8302	20.8956	20.7616	19.8076	20.0028	21.5357	20.2026	20.2794	20.0259	19.6864	
24.5798	24.3567	25.574	24.7678	23.6116	23.3011	22.1635	22.5316	21.9144	21.7715	21.8653	21.6327	20.8892	21.1236	21.4747	20.1854	22.0381	20.7228	21.0683	20.7455	20.3292	20.1325	20.6879	21.5251	20.3113	19.9827	20.7013	20.3863	20.5134	
24.1823	24.3969	24.227	25.0155	23.7467	23.2186	23.6794	22.5609	22.0042	21.4999	21.9822	20.8594	21.9733	20.7913	20.2467	21.0911	20.3714	20.248	20.4755	20.5636	20.9035	19.855	20.4282	19.8672	19.7531	19.4729	19.5667	20.1789	20.1315	
24.1465	24.5534	23.8339	26.6164	24.1306	22.3376	22.437	22.6692	21.285	21.8277	21.3456	22.9009	23.0903	20.5256	22.424	21.1076	21.2191	21.5998	19.8738	21.7716	20.0116	19.5731	20.5038	20.4352	20.4356	20.2197	20.5069	19.9952	20.4156	
24.1305	23.4332	24.2144	24.4903	21.5727	21.9741	22.3234	20.7104	21.9993	21.4107	21.5222	20.7082	20.5808	20.8157	20.2979	21.4323	19.9578	20.6399	19.7745	19.8711	19.9489	19.6988	19.3959	19.8222	19.8578	19.5413	19.2613	19.7414	19.438	
24.3808	24.2661	24.0642	23.9767	23.7904	22.9401	22.7842	22.3555	21.8012	21.2002	22.7028	22.4418	21.3025	20.352	20.3312	20.1951	20.9983	21.0717	20.3556	20.8959	20.5328	19.9384	20.3098	20.18	20.0409	19.8668	19.9205	20.3929	20.5887	
23.6172	24.2227	23.8506	23.6338	23.4863	23.4659	23.2823	22.1494	22.4526	22.2775	22.4239	22.534	22.0809	22.5486	22.131	21.7269	20.601	22.2658	20.3942	21.1105	20.7551	20.5219	20.171	20.2703	20.4263	20.7507	20.6539	20.2389	19.8354	
23.0323	23.2246	22.6678	23.644	22.5449	23.3041	22.8918	21.1779	21.5245	21.9521	22.8693	21.9276	21.5886	22.2536	22.1596	21.8484	20.9718	20.7159	19.7939	20.4704	20.0872	20.0605	19.5435	19.2039	20.2578	19.5286	19.6939	19.4411	19.3273	
23.3513	23.5517	23.5817	23.5898	21.6719	21.8435	21.5784	21.6865	20.5204	20.4156	21.0415	20.3684	20.6835	20.6786	19.8939	20.1394	19.8869	19.4479	19.9608	19.1714	20.633	19.7554	19.0179	19.8718	19.1673	19.3609	19.3559	19.4709	19.6187	
23.0173	23.2829	22.7898	23.4961	22.1549	21.1426	21.9497	22.8953	21.9388	21.7775	20.8832	21.1852	22.015	21.2827	20.9774	20.4106	19.8339	20.2993	19.9697	19.7756	19.3786	19.2391	19.7106	20.3259	20.3829	19.7301	19.3299	19.8869	19.6534	
24.1297	24.674	23.8902	23.6407	22.1907	22.005	21.8738	21.3757	21.9692	21.4509	21.1186	21.2685	19.7487	19.7661	20.3981	20.1914	20.5294	20.3312	19.9457	20.4622	19.9882	19.908	20.1818	20.1268	20.9682	19.8805	19.9844	19.4873	19.062	
25.0408	24.595	22.5567	26.8449	21.7652	22.4027	21.7157	21.123	21.9557	21.9522	22.1223	24.5872	21.8121	21.8477	22.0276	21.02	20.521	22.0919	21.0177	20.4811	21.2431	20.4849	19.9152	20.3636	20.0535	19.8153	19.7843	21.2122	20.2528	
23.1771	23.5555	22.8925	25.5766	21.0435	22.0716	20.6936	20.8754	21.0505	20.4989	21.898	23.7794	21.6879	21.338	20.6065	20.266	19.9624	21.1694	20.6959	20.9633	20.8261	20.4293	19.7357	19.5715	19.3268	19.8456	19.9424	20.3341	19.7152	
23.5562	24.3534	22.0829	22.583	22.3345	22.2755	21.8971	21.3851	21.6958	21.3181	20.9633	20.8827	20.3696	20.7931	20.8943	20.0645	21.2959	19.666	20.287	19.8397	19.7434	19.1392	20.48	19.4119	19.4878	19.1456	20.0441	19.1903	20.3976	
